Linux 7.0.0-30-generic (minimax) 	09/06/26 	_x86_64_	(32 CPU)

18:09:13     CPU    %usr   %nice    %sys %iowait    %irq   %soft  %steal  %guest  %gnice   %idle
18:09:14      12    0.00    0.00    0.00    0.00    0.00    0.00    0.00    0.00    0.00  100.00
18:09:14      13    0.00    0.00    0.00    0.00    0.00    0.00    0.00    0.00    0.00  100.00
18:09:14      28    0.00    0.00    0.00    0.00    0.00    0.00    0.00    0.00    0.00  100.00
18:09:14      29    0.00    0.00    0.00    0.00    0.00    0.00    0.00    0.00    0.00  100.00

18:09:14     CPU    %usr   %nice    %sys %iowait    %irq   %soft  %steal  %guest  %gnice   %idle
18:09:15      12    0.00    0.00    0.00    0.00    0.00    0.00    0.00    0.00    0.00  100.00
18:09:15      13    0.00    0.00    0.00    0.00    0.00    0.00    0.00    0.00    0.00  100.00
18:09:15      28    0.00    0.00    0.00    0.00    0.00    0.00    0.00    0.00    0.00  100.00
18:09:15      29    0.00    0.00    0.00    0.00    0.00    0.00    0.00    0.00    0.00  100.00

18:09:15     CPU    %usr   %nice    %sys %iowait    %irq   %soft  %steal  %guest  %gnice   %idle
18:09:16      12    0.00    0.00    0.00    0.00    0.00    0.00    0.00    0.00    0.00  100.00
18:09:16      13    0.00    0.00    0.00    0.00    0.00    0.00    0.00    0.00    0.00  100.00
18:09:16      28    0.00    0.00    0.00    0.00    0.00    0.00    0.00    0.00    0.00  100.00
18:09:16      29    0.00    0.00    0.00    0.00    0.00    0.00    0.00    0.00    0.00  100.00

Average:     CPU    %usr   %nice    %sys %iowait    %irq   %soft  %steal  %guest  %gnice   %idle
Average:      12    0.00    0.00    0.00    0.00    0.00    0.00    0.00    0.00    0.00  100.00
Average:      13    0.00    0.00    0.00    0.00    0.00    0.00    0.00    0.00    0.00  100.00
Average:      28    0.00    0.00    0.00    0.00    0.00    0.00    0.00    0.00    0.00  100.00
Average:      29    0.00    0.00    0.00    0.00    0.00    0.00    0.00    0.00    0.00  100.00
