Linux 7.0.0-30-generic (minimax) 	09/06/26 	_x86_64_	(32 CPU)

18:00:51     CPU    %usr   %nice    %sys %iowait    %irq   %soft  %steal  %guest  %gnice   %idle
18:00:52      12   71.13    0.00    5.15    0.00    0.00    0.00    0.00    0.00    0.00   23.71
18:00:52      13   72.16    0.00    3.09    0.00    0.00    0.00    0.00    0.00    0.00   24.74
18:00:52      28    0.00    0.00    0.00    0.00    0.00    0.00    0.00    0.00    0.00  100.00
18:00:52      29    0.00    0.00    0.00    0.00    0.00    0.00    0.00    0.00    0.00  100.00

18:00:52     CPU    %usr   %nice    %sys %iowait    %irq   %soft  %steal  %guest  %gnice   %idle
18:00:53      12   72.45    0.00    5.10    0.00    0.00    0.00    0.00    0.00    0.00   22.45
18:00:53      13   70.83    0.00    5.21    0.00    0.00    0.00    0.00    0.00    0.00   23.96
18:00:53      28    0.00    0.00    0.00    0.00    0.00    0.00    0.00    0.00    0.00  100.00
18:00:53      29    0.00    0.00    0.00    0.00    0.00    0.00    0.00    0.00    0.00  100.00

18:00:53     CPU    %usr   %nice    %sys %iowait    %irq   %soft  %steal  %guest  %gnice   %idle
18:00:54      12   72.16    0.00   12.37    0.00    0.00    0.00    0.00    0.00    0.00   15.46
18:00:54      13   58.33    0.00    5.21    0.00    0.00    0.00    0.00    0.00    0.00   36.46
18:00:54      28    0.00    0.00    0.00    0.00    0.00    0.00    0.00    0.00    0.00  100.00
18:00:54      29    0.00    0.00    0.00    0.00    0.00    0.00    0.00    0.00    0.00  100.00

18:00:54     CPU    %usr   %nice    %sys %iowait    %irq   %soft  %steal  %guest  %gnice   %idle
18:00:55      12   72.45    0.00    7.14    0.00    0.00    0.00    0.00    0.00    0.00   20.41
18:00:55      13   71.43    0.00    6.12    0.00    0.00    0.00    0.00    0.00    0.00   22.45
18:00:55      28    0.00    0.00    0.00    0.00    0.00    0.00    0.00    0.00    0.00  100.00
18:00:55      29    0.00    0.00    0.00    0.00    0.00    0.00    0.00    0.00    0.00  100.00

18:00:55     CPU    %usr   %nice    %sys %iowait    %irq   %soft  %steal  %guest  %gnice   %idle
18:00:56      12   82.47    0.00    3.09    0.00    0.00    0.00    0.00    0.00    0.00   14.43
18:00:56      13   46.46    0.00    2.02    0.00    0.00    0.00    0.00    0.00    0.00   51.52
18:00:56      28    0.00    0.00    0.00    0.00    0.00    0.00    0.00    0.00    0.00  100.00
18:00:56      29    0.00    0.00    0.00    0.00    0.00    0.00    0.00    0.00    0.00  100.00

18:00:56     CPU    %usr   %nice    %sys %iowait    %irq   %soft  %steal  %guest  %gnice   %idle
18:00:57      12   99.00    0.00    0.00    0.00    0.00    0.00    0.00    0.00    0.00    1.00
18:00:57      13    1.00    0.00    0.00    0.00    0.00    0.00    0.00    0.00    0.00   99.00
18:00:57      28    0.00    0.00    0.00    0.00    0.00    0.00    0.00    0.00    0.00  100.00
18:00:57      29    0.00    0.00    0.00    0.00    0.00    0.00    0.00    0.00    0.00  100.00

18:00:57     CPU    %usr   %nice    %sys %iowait    %irq   %soft  %steal  %guest  %gnice   %idle
18:00:58      12  100.00    0.00    0.00    0.00    0.00    0.00    0.00    0.00    0.00    0.00
18:00:58      13    0.00    0.00    0.00    0.00    0.00    0.00    0.00    0.00    0.00  100.00
18:00:58      28    0.00    0.00    0.00    0.00    0.00    0.00    0.00    0.00    0.00  100.00
18:00:58      29    0.00    0.00    0.00    0.00    0.00    0.00    0.00    0.00    0.00  100.00

18:00:58     CPU    %usr   %nice    %sys %iowait    %irq   %soft  %steal  %guest  %gnice   %idle
18:00:59      12   57.89    0.00    1.05    0.00    0.00    0.00    0.00    0.00    0.00   41.05
18:00:59      13   62.77    0.00    1.06    0.00    0.00    0.00    0.00    0.00    0.00   36.17
18:00:59      28    0.00    0.00    0.00    0.00    0.00    0.00    0.00    0.00    0.00  100.00
18:00:59      29    0.00    0.00    0.00    0.00    0.00    0.00    0.00    0.00    0.00  100.00

18:00:59     CPU    %usr   %nice    %sys %iowait    %irq   %soft  %steal  %guest  %gnice   %idle
18:01:00      12   86.60    0.00    1.03    0.00    0.00    0.00    0.00    0.00    0.00   12.37
18:01:00      13   25.26    0.00    1.05    0.00    0.00    0.00    0.00    0.00    0.00   73.68
18:01:00      28    0.00    0.00    0.00    0.00    0.00    0.00    0.00    0.00    0.00  100.00
18:01:00      29    0.00    0.00    0.00    0.00    0.00    0.00    0.00    0.00    0.00  100.00

18:01:00     CPU    %usr   %nice    %sys %iowait    %irq   %soft  %steal  %guest  %gnice   %idle
18:01:01      12   75.51    0.00    6.12    0.00    0.00    0.00    0.00    0.00    0.00   18.37
18:01:01      13   46.81    0.00    3.19    0.00    0.00    0.00    0.00    0.00    0.00   50.00
18:01:01      28    0.00    0.00    0.00    0.00    0.00    0.00    0.00    0.00    0.00  100.00
18:01:01      29    0.00    0.00    0.00    0.00    0.00    0.00    0.00    0.00    0.00  100.00

18:01:01     CPU    %usr   %nice    %sys %iowait    %irq   %soft  %steal  %guest  %gnice   %idle
18:01:02      12   72.73    0.00    5.05    0.00    0.00    0.00    0.00    0.00    0.00   22.22
18:01:02      13   70.83    0.00    6.25    0.00    0.00    0.00    0.00    0.00    0.00   22.92
18:01:02      28    0.00    0.00    0.00    0.00    0.00    0.00    0.00    0.00    0.00  100.00
18:01:02      29    0.00    0.00    0.00    0.00    0.00    0.00    0.00    0.00    0.00  100.00

18:01:02     CPU    %usr   %nice    %sys %iowait    %irq   %soft  %steal  %guest  %gnice   %idle
18:01:03      12   81.25    0.00    3.12    0.00    0.00    0.00    0.00    0.00    0.00   15.62
18:01:03      13   55.10    0.00    3.06    0.00    0.00    0.00    0.00    0.00    0.00   41.84
18:01:03      28    0.00    0.00    0.00    0.00    0.00    0.00    0.00    0.00    0.00  100.00
18:01:03      29    0.00    0.00    0.00    0.00    0.00    0.00    0.00    0.00    0.00  100.00

18:01:03     CPU    %usr   %nice    %sys %iowait    %irq   %soft  %steal  %guest  %gnice   %idle
18:01:04      12   98.00    0.00    0.00    0.00    0.00    0.00    0.00    0.00    0.00    2.00
18:01:04      13    1.01    0.00    0.00    0.00    0.00    0.00    0.00    0.00    0.00   98.99
18:01:04      28    0.00    0.00    0.00    0.00    0.00    0.00    0.00    0.00    0.00  100.00
18:01:04      29    0.00    0.00    0.00    0.00    0.00    0.00    0.00    0.00    0.00  100.00

18:01:04     CPU    %usr   %nice    %sys %iowait    %irq   %soft  %steal  %guest  %gnice   %idle
18:01:05      12  100.00    0.00    0.00    0.00    0.00    0.00    0.00    0.00    0.00    0.00
18:01:05      13    0.00    0.00    0.00    0.00    0.00    0.00    0.00    0.00    0.00  100.00
18:01:05      28    0.00    0.00    0.00    0.00    0.00    0.00    0.00    0.00    0.00  100.00
18:01:05      29    0.00    0.00    0.00    0.00    0.00    0.00    0.00    0.00    0.00  100.00

18:01:05     CPU    %usr   %nice    %sys %iowait    %irq   %soft  %steal  %guest  %gnice   %idle
18:01:06      12   60.42    0.00    0.00    0.00    0.00    0.00    0.00    0.00    0.00   39.58
18:01:06      13   45.36    0.00    1.03    0.00    0.00    0.00    0.00    0.00    0.00   53.61
18:01:06      28    0.00    0.00    0.00    0.00    0.00    0.00    0.00    0.00    0.00  100.00
18:01:06      29    0.00    0.00    0.00    0.00    0.00    0.00    0.00    0.00    0.00  100.00

18:01:06     CPU    %usr   %nice    %sys %iowait    %irq   %soft  %steal  %guest  %gnice   %idle
18:01:07      12   54.64    0.00    1.03    0.00    0.00    0.00    0.00    0.00    0.00   44.33
18:01:07      13   53.19    0.00    1.06    0.00    0.00    0.00    0.00    0.00    0.00   45.74
18:01:07      28    0.00    0.00    0.00    0.00    0.00    0.00    0.00    0.00    0.00  100.00
18:01:07      29    0.00    0.00    0.00    0.00    0.00    0.00    0.00    0.00    0.00  100.00

18:01:07     CPU    %usr   %nice    %sys %iowait    %irq   %soft  %steal  %guest  %gnice   %idle
18:01:08      12   64.58    0.00    3.12    0.00    0.00    0.00    0.00    0.00    0.00   32.29
18:01:08      13   62.89    0.00    4.12    0.00    0.00    0.00    0.00    0.00    0.00   32.99
18:01:08      28    0.00    0.00    0.00    0.00    0.00    0.00    0.00    0.00    0.00  100.00
18:01:08      29    0.00    0.00    0.00    0.00    0.00    0.00    0.00    0.00    0.00  100.00

18:01:08     CPU    %usr   %nice    %sys %iowait    %irq   %soft  %steal  %guest  %gnice   %idle
18:01:09      12   72.34    0.00    6.38    0.00    0.00    0.00    0.00    0.00    0.00   21.28
18:01:09      13   70.00    0.00    7.00    0.00    0.00    0.00    0.00    0.00    0.00   23.00
18:01:09      28    0.00    0.00    0.00    0.00    0.00    0.00    0.00    0.00    0.00  100.00
18:01:09      29    0.00    0.00    0.00    0.00    0.00    0.00    0.00    0.00    0.00  100.00

18:01:09     CPU    %usr   %nice    %sys %iowait    %irq   %soft  %steal  %guest  %gnice   %idle
18:01:10      12   74.23    0.00    4.12    0.00    0.00    0.00    0.00    0.00    0.00   21.65
18:01:10      13   60.42    0.00    2.08    0.00    0.00    0.00    0.00    0.00    0.00   37.50
18:01:10      28    0.00    0.00    0.00    0.00    0.00    0.00    0.00    0.00    0.00  100.00
18:01:10      29    0.00    0.00    0.00    0.00    0.00    0.00    0.00    0.00    0.00  100.00

18:01:10     CPU    %usr   %nice    %sys %iowait    %irq   %soft  %steal  %guest  %gnice   %idle
18:01:11      12  100.00    0.00    0.00    0.00    0.00    0.00    0.00    0.00    0.00    0.00
18:01:11      13    0.00    0.00    0.00    0.00    0.00    0.00    0.00    0.00    0.00  100.00
18:01:11      28    0.00    0.00    0.00    0.00    0.00    0.00    0.00    0.00    0.00  100.00
18:01:11      29    0.00    0.00    0.00    0.00    0.00    0.00    0.00    0.00    0.00  100.00

18:01:11     CPU    %usr   %nice    %sys %iowait    %irq   %soft  %steal  %guest  %gnice   %idle
18:01:12      12   98.00    0.00    0.00    0.00    0.00    0.00    0.00    0.00    0.00    2.00
18:01:12      13    1.00    0.00    1.00    0.00    0.00    0.00    0.00    0.00    0.00   98.00
18:01:12      28    0.00    0.00    0.00    0.00    0.00    0.00    0.00    0.00    0.00  100.00
18:01:12      29    0.00    0.00    0.00    0.00    0.00    0.00    0.00    0.00    0.00  100.00

18:01:12     CPU    %usr   %nice    %sys %iowait    %irq   %soft  %steal  %guest  %gnice   %idle
18:01:13      12   67.37    0.00    0.00    0.00    0.00    0.00    0.00    0.00    0.00   32.63
18:01:13      13   48.45    0.00    1.03    0.00    0.00    0.00    0.00    0.00    0.00   50.52
18:01:13      28    0.00    0.00    0.00    0.00    0.00    0.00    0.00    0.00    0.00  100.00
18:01:13      29    0.00    0.00    0.00    0.00    0.00    0.00    0.00    0.00    0.00  100.00

18:01:13     CPU    %usr   %nice    %sys %iowait    %irq   %soft  %steal  %guest  %gnice   %idle
18:01:14      12   80.61    0.00    2.04    0.00    0.00    0.00    0.00    0.00    0.00   17.35
18:01:14      13   30.43    0.00    0.00    0.00    0.00    0.00    0.00    0.00    0.00   69.57
18:01:14      28    0.00    0.00    0.00    0.00    0.00    0.00    0.00    0.00    0.00  100.00
18:01:14      29    0.00    0.00    0.00    0.00    0.00    0.00    0.00    0.00    0.00  100.00

18:01:14     CPU    %usr   %nice    %sys %iowait    %irq   %soft  %steal  %guest  %gnice   %idle
18:01:15      12   79.00    0.00    4.00    0.00    0.00    0.00    0.00    0.00    0.00   17.00
18:01:15      13   42.27    0.00    3.09    0.00    0.00    0.00    0.00    0.00    0.00   54.64
18:01:15      28    0.00    0.00    0.00    0.00    0.00    0.00    0.00    0.00    0.00  100.00
18:01:15      29    0.00    0.00    0.00    0.00    0.00    0.00    0.00    0.00    0.00  100.00

18:01:15     CPU    %usr   %nice    %sys %iowait    %irq   %soft  %steal  %guest  %gnice   %idle
18:01:16      12   72.45    0.00    5.10    0.00    0.00    0.00    0.00    0.00    0.00   22.45
18:01:16      13   70.53    0.00    4.21    0.00    0.00    0.00    0.00    0.00    0.00   25.26
18:01:16      28    0.00    0.00    0.00    0.00    0.00    0.00    0.00    0.00    0.00  100.00
18:01:16      29    0.00    0.00    0.00    0.00    0.00    0.00    0.00    0.00    0.00  100.00

18:01:16     CPU    %usr   %nice    %sys %iowait    %irq   %soft  %steal  %guest  %gnice   %idle
18:01:17      12   73.47    0.00    5.10    0.00    0.00    0.00    0.00    0.00    0.00   21.43
18:01:17      13   72.92    0.00    5.21    0.00    0.00    0.00    0.00    0.00    0.00   21.88
18:01:17      28    0.00    0.00    0.00    0.00    0.00    0.00    0.00    0.00    0.00  100.00
18:01:17      29    0.00    0.00    0.00    0.00    0.00    0.00    0.00    0.00    0.00  100.00

18:01:17     CPU    %usr   %nice    %sys %iowait    %irq   %soft  %steal  %guest  %gnice   %idle
18:01:18      12   74.47    0.00    4.26    0.00    0.00    0.00    0.00    0.00    0.00   21.28
18:01:18      13   74.23    0.00    4.12    0.00    0.00    0.00    0.00    0.00    0.00   21.65
18:01:18      28    0.00    0.00    0.00    0.00    0.00    0.00    0.00    0.00    0.00  100.00
18:01:18      29    0.00    0.00    0.00    0.00    0.00    0.00    0.00    0.00    0.00  100.00

18:01:18     CPU    %usr   %nice    %sys %iowait    %irq   %soft  %steal  %guest  %gnice   %idle
18:01:19      12   74.23    0.00    5.15    0.00    0.00    0.00    0.00    0.00    0.00   20.62
18:01:19      13   73.68    0.00    4.21    0.00    0.00    0.00    0.00    0.00    0.00   22.11
18:01:19      28    0.00    0.00    0.00    0.00    0.00    0.00    0.00    0.00    0.00  100.00
18:01:19      29    0.00    0.00    0.00    0.00    0.00    0.00    0.00    0.00    0.00  100.00

18:01:19     CPU    %usr   %nice    %sys %iowait    %irq   %soft  %steal  %guest  %gnice   %idle
18:01:20      12   59.38    0.00    2.08    0.00    0.00    0.00    0.00    0.00    0.00   38.54
18:01:20      13   46.88    0.00    1.04    0.00    0.00    0.00    0.00    0.00    0.00   52.08
18:01:20      28    0.00    0.00    0.00    0.00    0.00    0.00    0.00    0.00    0.00  100.00
18:01:20      29    0.00    0.00    0.00    0.00    0.00    0.00    0.00    0.00    0.00  100.00

18:01:20     CPU    %usr   %nice    %sys %iowait    %irq   %soft  %steal  %guest  %gnice   %idle
18:01:21      12   91.92    0.00    1.01    0.00    0.00    0.00    0.00    0.00    0.00    7.07
18:01:21      13   22.22    0.00    0.00    0.00    0.00    0.00    0.00    0.00    0.00   77.78
18:01:21      28    0.00    0.00    0.00    0.00    0.00    0.00    0.00    0.00    0.00  100.00
18:01:21      29    0.00    0.00    0.00    0.00    0.00    0.00    0.00    0.00    0.00  100.00

18:01:21     CPU    %usr   %nice    %sys %iowait    %irq   %soft  %steal  %guest  %gnice   %idle
18:01:22      12   71.88    0.00    6.25    0.00    0.00    0.00    0.00    0.00    0.00   21.88
18:01:22      13   62.11    0.00    4.21    0.00    0.00    0.00    0.00    0.00    0.00   33.68
18:01:22      28    0.00    0.00    0.00    0.00    0.00    0.00    0.00    0.00    0.00  100.00
18:01:22      29    0.00    0.00    0.00    0.00    0.00    0.00    0.00    0.00    0.00  100.00

18:01:22     CPU    %usr   %nice    %sys %iowait    %irq   %soft  %steal  %guest  %gnice   %idle
18:01:23      12   69.39    0.00   11.22    0.00    0.00    0.00    0.00    0.00    0.00   19.39
18:01:23      13   56.84    0.00    6.32    0.00    0.00    0.00    0.00    0.00    0.00   36.84
18:01:23      28    0.00    0.00    0.00    0.00    0.00    0.00    0.00    0.00    0.00  100.00
18:01:23      29    0.00    0.00    0.00    0.00    0.00    0.00    0.00    0.00    0.00  100.00

18:01:23     CPU    %usr   %nice    %sys %iowait    %irq   %soft  %steal  %guest  %gnice   %idle
18:01:24      12   71.58    0.00    9.47    0.00    0.00    0.00    0.00    0.00    0.00   18.95
18:01:24      13   59.18    0.00    6.12    0.00    0.00    0.00    0.00    0.00    0.00   34.69
18:01:24      28    0.00    0.00    0.00    0.00    0.00    0.00    0.00    0.00    0.00  100.00
18:01:24      29    0.00    0.00    0.00    0.00    0.00    0.00    0.00    0.00    0.00  100.00

18:01:24     CPU    %usr   %nice    %sys %iowait    %irq   %soft  %steal  %guest  %gnice   %idle
18:01:25      12   72.63    0.00    6.32    0.00    0.00    0.00    0.00    0.00    0.00   21.05
18:01:25      13   73.68    0.00    4.21    0.00    0.00    0.00    0.00    0.00    0.00   22.11
18:01:25      28    0.00    0.00    0.00    0.00    0.00    0.00    0.00    0.00    0.00  100.00
18:01:25      29    0.00    0.00    0.00    0.00    0.00    0.00    0.00    0.00    0.00  100.00

18:01:25     CPU    %usr   %nice    %sys %iowait    %irq   %soft  %steal  %guest  %gnice   %idle
18:01:26      12   79.00    0.00    4.00    0.00    0.00    0.00    0.00    0.00    0.00   17.00
18:01:26      13   60.20    0.00    3.06    0.00    0.00    0.00    0.00    0.00    0.00   36.73
18:01:26      28    0.00    0.00    0.00    0.00    0.00    0.00    0.00    0.00    0.00  100.00
18:01:26      29    0.00    0.00    0.00    0.00    0.00    0.00    0.00    0.00    0.00  100.00

18:01:26     CPU    %usr   %nice    %sys %iowait    %irq   %soft  %steal  %guest  %gnice   %idle
18:01:27      12  100.00    0.00    0.00    0.00    0.00    0.00    0.00    0.00    0.00    0.00
18:01:27      13    0.00    0.00    0.00    0.00    0.00    0.00    0.00    0.00    0.00  100.00
18:01:27      28    0.00    0.00    0.00    0.00    0.00    0.00    0.00    0.00    0.00  100.00
18:01:27      29    0.00    0.00    0.00    0.00    0.00    0.00    0.00    0.00    0.00  100.00

18:01:27     CPU    %usr   %nice    %sys %iowait    %irq   %soft  %steal  %guest  %gnice   %idle
18:01:28      12   99.00    0.00    0.00    0.00    0.00    0.00    0.00    0.00    0.00    1.00
18:01:28      13    0.00    0.00    0.00    0.00    0.00    0.00    0.00    0.00    0.00  100.00
18:01:28      28    0.00    0.00    0.00    0.00    0.00    0.00    0.00    0.00    0.00  100.00
18:01:28      29    0.00    0.00    0.00    0.00    0.00    0.00    0.00    0.00    0.00  100.00

18:01:28     CPU    %usr   %nice    %sys %iowait    %irq   %soft  %steal  %guest  %gnice   %idle
18:01:29      12   77.55    0.00    4.08    0.00    0.00    0.00    0.00    0.00    0.00   18.37
18:01:29      13   52.08    0.00    4.17    0.00    0.00    0.00    0.00    0.00    0.00   43.75
18:01:29      28    0.00    0.00    0.00    0.00    0.00    0.00    0.00    0.00    0.00  100.00
18:01:29      29    0.00    0.00    0.00    0.00    0.00    0.00    0.00    0.00    0.00  100.00

18:01:29     CPU    %usr   %nice    %sys %iowait    %irq   %soft  %steal  %guest  %gnice   %idle
18:01:30      12   70.00    0.00   15.00    0.00    0.00    0.00    0.00    0.00    0.00   15.00
18:01:30      13   52.58    0.00    6.19    0.00    0.00    0.00    0.00    0.00    0.00   41.24
18:01:30      28    0.00    0.00    0.00    0.00    0.00    0.00    0.00    0.00    0.00  100.00
18:01:30      29    0.00    0.00    0.00    0.00    0.00    0.00    0.00    0.00    0.00  100.00

18:01:30     CPU    %usr   %nice    %sys %iowait    %irq   %soft  %steal  %guest  %gnice   %idle
18:01:31      12   72.45    0.00   12.24    0.00    0.00    0.00    0.00    0.00    0.00   15.31
18:01:31      13   54.74    0.00    6.32    0.00    0.00    0.00    0.00    0.00    0.00   38.95
18:01:31      28    0.00    0.00    0.00    0.00    0.00    0.00    0.00    0.00    0.00  100.00
18:01:31      29    0.00    0.00    0.00    0.00    0.00    0.00    0.00    0.00    0.00  100.00

18:01:31     CPU    %usr   %nice    %sys %iowait    %irq   %soft  %steal  %guest  %gnice   %idle
18:01:32      12   75.26    0.00    4.12    0.00    0.00    0.00    0.00    0.00    0.00   20.62
18:01:32      13   74.49    0.00    4.08    0.00    0.00    0.00    0.00    0.00    0.00   21.43
18:01:32      28    0.00    0.00    0.00    0.00    0.00    0.00    0.00    0.00    0.00  100.00
18:01:32      29    0.00    0.00    0.00    0.00    0.00    0.00    0.00    0.00    0.00  100.00

18:01:32     CPU    %usr   %nice    %sys %iowait    %irq   %soft  %steal  %guest  %gnice   %idle
18:01:33      12   73.96    0.00    5.21    0.00    0.00    0.00    0.00    0.00    0.00   20.83
18:01:33      13   72.16    0.00    4.12    0.00    0.00    0.00    0.00    0.00    0.00   23.71
18:01:33      28    0.00    0.00    0.00    0.00    0.00    0.00    0.00    0.00    0.00  100.00
18:01:33      29    0.00    0.00    0.00    0.00    0.00    0.00    0.00    0.00    0.00  100.00

18:01:33     CPU    %usr   %nice    %sys %iowait    %irq   %soft  %steal  %guest  %gnice   %idle
18:01:34      12   99.00    0.00    0.00    0.00    0.00    0.00    0.00    0.00    0.00    1.00
18:01:34      13    0.98    0.00    0.98    0.00    0.00    0.00    0.00    0.00    0.00   98.04
18:01:34      28    0.00    0.00    0.00    0.00    0.00    0.00    0.00    0.00    0.00  100.00
18:01:34      29    0.00    0.00    0.00    0.00    0.00    0.00    0.00    0.00    0.00  100.00

18:01:34     CPU    %usr   %nice    %sys %iowait    %irq   %soft  %steal  %guest  %gnice   %idle
18:01:35      12   98.99    0.00    0.00    0.00    0.00    0.00    0.00    0.00    0.00    1.01
18:01:35      13    1.01    0.00    0.00    0.00    0.00    0.00    0.00    0.00    0.00   98.99
18:01:35      28    0.00    0.00    0.00    0.00    0.00    0.00    0.00    0.00    0.00  100.00
18:01:35      29    0.00    0.00    0.00    0.00    0.00    0.00    0.00    0.00    0.00  100.00

18:01:35     CPU    %usr   %nice    %sys %iowait    %irq   %soft  %steal  %guest  %gnice   %idle
18:01:36      12   74.49    0.00    1.02    0.00    0.00    0.00    0.00    0.00    0.00   24.49
18:01:36      13   36.73    0.00    0.00    0.00    0.00    0.00    0.00    0.00    0.00   63.27
18:01:36      28    0.00    0.00    0.00    0.00    0.00    0.00    0.00    0.00    0.00  100.00
18:01:36      29    0.00    0.00    0.00    0.00    0.00    0.00    0.00    0.00    0.00  100.00

18:01:36     CPU    %usr   %nice    %sys %iowait    %irq   %soft  %steal  %guest  %gnice   %idle
18:01:37      12   56.84    0.00    0.00    0.00    0.00    0.00    0.00    0.00    0.00   43.16
18:01:37      13   56.25    0.00    2.08    0.00    0.00    0.00    0.00    0.00    0.00   41.67
18:01:37      28    0.00    0.00    0.00    0.00    0.00    0.00    0.00    0.00    0.00  100.00
18:01:37      29    0.00    0.00    0.00    0.00    0.00    0.00    0.00    0.00    0.00  100.00

18:01:37     CPU    %usr   %nice    %sys %iowait    %irq   %soft  %steal  %guest  %gnice   %idle
18:01:38      12   67.35    0.00    7.14    0.00    0.00    0.00    0.00    0.00    0.00   25.51
18:01:38      13   38.54    0.00    1.04    0.00    0.00    0.00    0.00    0.00    0.00   60.42
18:01:38      28    0.00    0.00    0.00    0.00    0.00    0.00    0.00    0.00    0.00  100.00
18:01:38      29    0.00    0.00    0.00    0.00    0.00    0.00    0.00    0.00    0.00  100.00

18:01:38     CPU    %usr   %nice    %sys %iowait    %irq   %soft  %steal  %guest  %gnice   %idle
18:01:39      12   71.58    0.00    6.32    0.00    0.00    0.00    0.00    0.00    0.00   22.11
18:01:39      13   68.04    0.00    6.19    0.00    0.00    0.00    0.00    0.00    0.00   25.77
18:01:39      28    0.00    0.00    0.00    0.00    0.00    0.00    0.00    0.00    0.00  100.00
18:01:39      29    0.00    0.00    0.00    0.00    0.00    0.00    0.00    0.00    0.00  100.00

18:01:39     CPU    %usr   %nice    %sys %iowait    %irq   %soft  %steal  %guest  %gnice   %idle
18:01:40      12   72.45    0.00    8.16    0.00    0.00    0.00    0.00    0.00    0.00   19.39
18:01:40      13   71.88    0.00    6.25    0.00    0.00    0.00    0.00    0.00    0.00   21.88
18:01:40      28    0.00    0.00    0.00    0.00    0.00    0.00    0.00    0.00    0.00  100.00
18:01:40      29    0.00    0.00    0.00    0.00    0.00    0.00    0.00    0.00    0.00  100.00

18:01:40     CPU    %usr   %nice    %sys %iowait    %irq   %soft  %steal  %guest  %gnice   %idle
18:01:41      12   95.00    0.00    1.00    0.00    0.00    0.00    0.00    0.00    0.00    4.00
18:01:41      13    8.91    0.00    0.99    0.00    0.00    0.00    0.00    0.00    0.00   90.10
18:01:41      28    0.00    0.00    0.00    0.00    0.00    0.00    0.00    0.00    0.00  100.00
18:01:41      29    0.00    0.00    0.00    0.00    0.00    0.00    0.00    0.00    0.00  100.00

18:01:41     CPU    %usr   %nice    %sys %iowait    %irq   %soft  %steal  %guest  %gnice   %idle
18:01:42      12   98.99    0.00    0.00    0.00    0.00    0.00    0.00    0.00    0.00    1.01
18:01:42      13    1.01    0.00    0.00    0.00    0.00    0.00    0.00    0.00    0.00   98.99
18:01:42      28    0.00    0.00    0.00    0.00    0.00    0.00    0.00    0.00    0.00  100.00
18:01:42      29    0.00    0.00    0.00    0.00    0.00    0.00    0.00    0.00    0.00  100.00

18:01:42     CPU    %usr   %nice    %sys %iowait    %irq   %soft  %steal  %guest  %gnice   %idle
18:01:43      12   74.49    0.00    1.02    0.00    0.00    0.00    0.00    0.00    0.00   24.49
18:01:43      13   27.27    0.00    1.01    0.00    0.00    0.00    0.00    0.00    0.00   71.72
18:01:43      28    0.00    0.00    0.00    0.00    0.00    0.00    0.00    0.00    0.00  100.00
18:01:43      29    0.00    0.00    0.00    0.00    0.00    0.00    0.00    0.00    0.00  100.00

18:01:43     CPU    %usr   %nice    %sys %iowait    %irq   %soft  %steal  %guest  %gnice   %idle
18:01:44      12   50.52    0.00    1.03    0.00    0.00    0.00    0.00    0.00    0.00   48.45
18:01:44      13   54.74    0.00    1.05    0.00    0.00    0.00    0.00    0.00    0.00   44.21
18:01:44      28    0.00    0.00    0.00    0.00    0.00    0.00    0.00    0.00    0.00  100.00
18:01:44      29    0.00    0.00    0.00    0.00    0.00    0.00    0.00    0.00    0.00  100.00

18:01:44     CPU    %usr   %nice    %sys %iowait    %irq   %soft  %steal  %guest  %gnice   %idle
18:01:45      12   57.45    0.00    0.00    0.00    0.00    0.00    0.00    0.00    0.00   42.55
18:01:45      13   55.32    0.00    1.06    0.00    0.00    0.00    0.00    0.00    0.00   43.62
18:01:45      28    0.00    0.00    0.00    0.00    0.00    0.00    0.00    0.00    0.00  100.00
18:01:45      29    0.00    0.00    0.00    0.00    0.00    0.00    0.00    0.00    0.00  100.00

18:01:45     CPU    %usr   %nice    %sys %iowait    %irq   %soft  %steal  %guest  %gnice   %idle
18:01:46      12   72.63    0.00    6.32    0.00    0.00    0.00    0.00    0.00    0.00   21.05
18:01:46      13   71.88    0.00    5.21    0.00    0.00    0.00    0.00    0.00    0.00   22.92
18:01:46      28    0.00    0.00    0.00    0.00    0.00    0.00    0.00    0.00    0.00  100.00
18:01:46      29    0.00    0.00    0.00    0.00    0.00    0.00    0.00    0.00    0.00  100.00

18:01:46     CPU    %usr   %nice    %sys %iowait    %irq   %soft  %steal  %guest  %gnice   %idle
18:01:47      12   70.53    0.00    5.26    0.00    0.00    0.00    0.00    0.00    0.00   24.21
18:01:47      13   70.53    0.00    4.21    0.00    0.00    0.00    0.00    0.00    0.00   25.26
18:01:47      28    0.00    0.00    0.00    0.00    0.00    0.00    0.00    0.00    0.00  100.00
18:01:47      29    0.00    0.00    0.00    0.00    0.00    0.00    0.00    0.00    0.00  100.00

18:01:47     CPU    %usr   %nice    %sys %iowait    %irq   %soft  %steal  %guest  %gnice   %idle
18:01:48      12   92.00    0.00    1.00    0.00    0.00    0.00    0.00    0.00    0.00    7.00
18:01:48      13   18.18    0.00    1.01    0.00    0.00    0.00    0.00    0.00    0.00   80.81
18:01:48      28    0.00    0.00    0.00    0.00    0.00    0.00    0.00    0.00    0.00  100.00
18:01:48      29    0.00    0.00    0.00    0.00    0.00    0.00    0.00    0.00    0.00  100.00

18:01:48     CPU    %usr   %nice    %sys %iowait    %irq   %soft  %steal  %guest  %gnice   %idle
18:01:49      12   98.99    0.00    0.00    0.00    0.00    0.00    0.00    0.00    0.00    1.01
18:01:49      13    0.99    0.00    0.99    0.00    0.00    0.00    0.00    0.00    0.00   98.02
18:01:49      28    0.00    0.00    0.00    0.00    0.00    0.00    0.00    0.00    0.00  100.00
18:01:49      29    0.00    0.00    0.00    0.00    0.00    0.00    0.00    0.00    0.00  100.00

18:01:49     CPU    %usr   %nice    %sys %iowait    %irq   %soft  %steal  %guest  %gnice   %idle
18:01:50      12   86.00    0.00    1.00    0.00    0.00    0.00    0.00    0.00    0.00   13.00
18:01:50      13   16.49    0.00    0.00    0.00    0.00    0.00    0.00    0.00    0.00   83.51
18:01:50      28    0.00    0.00    0.00    0.00    0.00    0.00    0.00    0.00    0.00  100.00
18:01:50      29    0.00    0.00    0.00    0.00    0.00    0.00    0.00    0.00    0.00  100.00

18:01:50     CPU    %usr   %nice    %sys %iowait    %irq   %soft  %steal  %guest  %gnice   %idle
18:01:51      12   54.17    0.00    1.04    0.00    0.00    0.00    0.00    0.00    0.00   44.79
18:01:51      13   53.61    0.00    2.06    0.00    0.00    0.00    0.00    0.00    0.00   44.33
18:01:51      28    0.00    0.00    0.00    0.00    0.00    0.00    0.00    0.00    0.00  100.00
18:01:51      29    0.00    0.00    0.00    0.00    0.00    0.00    0.00    0.00    0.00  100.00

18:01:51     CPU    %usr   %nice    %sys %iowait    %irq   %soft  %steal  %guest  %gnice   %idle
18:01:52      12   87.76    0.00    0.00    0.00    0.00    0.00    0.00    0.00    0.00   12.24
18:01:52      13   19.35    0.00    1.08    0.00    0.00    0.00    0.00    0.00    0.00   79.57
18:01:52      28    0.00    0.00    0.00    0.00    0.00    0.00    0.00    0.00    0.00  100.00
18:01:52      29    0.00    0.00    0.00    0.00    0.00    0.00    0.00    0.00    0.00  100.00

18:01:52     CPU    %usr   %nice    %sys %iowait    %irq   %soft  %steal  %guest  %gnice   %idle
18:01:53      12   69.39    0.00    9.18    0.00    0.00    0.00    0.00    0.00    0.00   21.43
18:01:53      13   64.21    0.00    3.16    0.00    0.00    0.00    0.00    0.00    0.00   32.63
18:01:53      28    0.00    0.00    0.00    0.00    0.00    0.00    0.00    0.00    0.00  100.00
18:01:53      29    0.00    0.00    0.00    0.00    0.00    0.00    0.00    0.00    0.00  100.00

18:01:53     CPU    %usr   %nice    %sys %iowait    %irq   %soft  %steal  %guest  %gnice   %idle
18:01:54      12   72.45    0.00    5.10    0.00    0.00    0.00    0.00    0.00    0.00   22.45
18:01:54      13   72.16    0.00    5.15    0.00    0.00    0.00    0.00    0.00    0.00   22.68
18:01:54      28    0.00    0.00    0.00    0.00    0.00    0.00    0.00    0.00    0.00  100.00
18:01:54      29    0.00    0.00    0.00    0.00    0.00    0.00    0.00    0.00    0.00  100.00

18:01:54     CPU    %usr   %nice    %sys %iowait    %irq   %soft  %steal  %guest  %gnice   %idle
18:01:55      12   75.00    0.00    5.21    0.00    0.00    0.00    0.00    0.00    0.00   19.79
18:01:55      13   71.13    0.00    7.22    0.00    0.00    0.00    0.00    0.00    0.00   21.65
18:01:55      28    0.00    0.00    0.00    0.00    0.00    0.00    0.00    0.00    0.00  100.00
18:01:55      29    0.00    0.00    0.00    0.00    0.00    0.00    0.00    0.00    0.00  100.00

18:01:55     CPU    %usr   %nice    %sys %iowait    %irq   %soft  %steal  %guest  %gnice   %idle
18:01:56      12   72.63    0.00    4.21    0.00    0.00    0.00    0.00    0.00    0.00   23.16
18:01:56      13   72.92    0.00    5.21    0.00    0.00    0.00    0.00    0.00    0.00   21.88
18:01:56      28    0.00    0.00    0.00    0.00    0.00    0.00    0.00    0.00    0.00  100.00
18:01:56      29    0.00    0.00    0.00    0.00    0.00    0.00    0.00    0.00    0.00  100.00

18:01:56     CPU    %usr   %nice    %sys %iowait    %irq   %soft  %steal  %guest  %gnice   %idle
18:01:57      12   67.01    0.00    3.09    0.00    0.00    0.00    0.00    0.00    0.00   29.90
18:01:57      13   65.98    0.00    2.06    0.00    0.00    0.00    0.00    0.00    0.00   31.96
18:01:57      28    0.00    0.00    0.00    0.00    0.00    0.00    0.00    0.00    0.00  100.00
18:01:57      29    0.00    0.00    0.00    0.00    0.00    0.00    0.00    0.00    0.00  100.00

18:01:57     CPU    %usr   %nice    %sys %iowait    %irq   %soft  %steal  %guest  %gnice   %idle
18:01:58      12   53.61    0.00    2.06    0.00    0.00    0.00    0.00    0.00    0.00   44.33
18:01:58      13   51.55    0.00    1.03    0.00    0.00    0.00    0.00    0.00    0.00   47.42
18:01:58      28    0.00    0.00    0.00    0.00    0.00    0.00    0.00    0.00    0.00  100.00
18:01:58      29    0.00    0.00    0.00    0.00    0.00    0.00    0.00    0.00    0.00  100.00

18:01:58     CPU    %usr   %nice    %sys %iowait    %irq   %soft  %steal  %guest  %gnice   %idle
18:01:59      12   55.79    0.00    1.05    0.00    0.00    0.00    0.00    0.00    0.00   43.16
18:01:59      13   54.17    0.00    0.00    0.00    0.00    0.00    0.00    0.00    0.00   45.83
18:01:59      28    0.00    0.00    0.00    0.00    0.00    0.00    0.00    0.00    0.00  100.00
18:01:59      29    0.00    0.00    0.00    0.00    0.00    0.00    0.00    0.00    0.00  100.00

18:01:59     CPU    %usr   %nice    %sys %iowait    %irq   %soft  %steal  %guest  %gnice   %idle
18:02:00      12   69.07    0.00    5.15    0.00    0.00    0.00    0.00    0.00    0.00   25.77
18:02:00      13   71.28    0.00    4.26    0.00    0.00    0.00    0.00    0.00    0.00   24.47
18:02:00      28    0.00    0.00    0.00    0.00    0.00    0.00    0.00    0.00    0.00  100.00
18:02:00      29    0.00    0.00    0.00    0.00    0.00    0.00    0.00    0.00    0.00  100.00

18:02:00     CPU    %usr   %nice    %sys %iowait    %irq   %soft  %steal  %guest  %gnice   %idle
18:02:01      12   70.41    0.00    5.10    0.00    0.00    0.00    0.00    0.00    0.00   24.49
18:02:01      13   69.39    0.00    5.10    0.00    0.00    0.00    0.00    0.00    0.00   25.51
18:02:01      28    0.00    0.00    0.00    0.00    0.00    0.00    0.00    0.00    0.00  100.00
18:02:01      29    0.00    0.00    0.00    0.00    0.00    0.00    0.00    0.00    0.00  100.00

18:02:01     CPU    %usr   %nice    %sys %iowait    %irq   %soft  %steal  %guest  %gnice   %idle
18:02:02      12   71.58    0.00    5.26    0.00    0.00    0.00    0.00    0.00    0.00   23.16
18:02:02      13   71.13    0.00    6.19    0.00    0.00    0.00    0.00    0.00    0.00   22.68
18:02:02      28    0.00    0.00    0.00    0.00    0.00    0.00    0.00    0.00    0.00  100.00
18:02:02      29    0.00    0.00    0.00    0.00    0.00    0.00    0.00    0.00    0.00  100.00

18:02:02     CPU    %usr   %nice    %sys %iowait    %irq   %soft  %steal  %guest  %gnice   %idle
18:02:03      12   71.43    0.00    8.16    0.00    0.00    0.00    0.00    0.00    0.00   20.41
18:02:03      13   69.47    0.00    5.26    0.00    0.00    0.00    0.00    0.00    0.00   25.26
18:02:03      28    0.00    0.00    0.00    0.00    0.00    0.00    0.00    0.00    0.00  100.00
18:02:03      29    0.00    0.00    0.00    0.00    0.00    0.00    0.00    0.00    0.00  100.00

18:02:03     CPU    %usr   %nice    %sys %iowait    %irq   %soft  %steal  %guest  %gnice   %idle
18:02:04      12   81.44    0.00    3.09    0.00    0.00    0.00    0.00    0.00    0.00   15.46
18:02:04      13   54.64    0.00    4.12    0.00    0.00    0.00    0.00    0.00    0.00   41.24
18:02:04      28    0.00    0.00    0.00    0.00    0.00    0.00    0.00    0.00    0.00  100.00
18:02:04      29    0.00    0.00    0.00    0.00    0.00    0.00    0.00    0.00    0.00  100.00

18:02:04     CPU    %usr   %nice    %sys %iowait    %irq   %soft  %steal  %guest  %gnice   %idle
18:02:05      12  100.00    0.00    0.00    0.00    0.00    0.00    0.00    0.00    0.00    0.00
18:02:05      13    0.00    0.00    0.00    0.00    0.00    0.00    0.00    0.00    0.00  100.00
18:02:05      28    0.00    0.00    0.00    0.00    0.00    0.00    0.00    0.00    0.00  100.00
18:02:05      29    0.00    0.00    0.00    0.00    0.00    0.00    0.00    0.00    0.00  100.00

18:02:05     CPU    %usr   %nice    %sys %iowait    %irq   %soft  %steal  %guest  %gnice   %idle
18:02:06      12  100.00    0.00    0.00    0.00    0.00    0.00    0.00    0.00    0.00    0.00
18:02:06      13    0.00    0.00    0.00    0.00    0.00    0.00    0.00    0.00    0.00  100.00
18:02:06      28    0.00    0.00    0.00    0.00    0.00    0.00    0.00    0.00    0.00  100.00
18:02:06      29    0.00    0.00    0.00    0.00    0.00    0.00    0.00    0.00    0.00  100.00

18:02:06     CPU    %usr   %nice    %sys %iowait    %irq   %soft  %steal  %guest  %gnice   %idle
18:02:07      12   73.47    0.00    4.08    0.00    0.00    0.00    0.00    0.00    0.00   22.45
18:02:07      13   57.73    0.00    4.12    0.00    0.00    0.00    0.00    0.00    0.00   38.14
18:02:07      28    0.00    0.00    0.00    0.00    0.00    0.00    0.00    0.00    0.00  100.00
18:02:07      29    0.00    0.00    0.00    0.00    0.00    0.00    0.00    0.00    0.00  100.00

18:02:07     CPU    %usr   %nice    %sys %iowait    %irq   %soft  %steal  %guest  %gnice   %idle
18:02:08      12   72.63    0.00    4.21    0.00    0.00    0.00    0.00    0.00    0.00   23.16
18:02:08      13   74.23    0.00    4.12    0.00    0.00    0.00    0.00    0.00    0.00   21.65
18:02:08      28    0.00    0.00    0.00    0.00    0.00    0.00    0.00    0.00    0.00  100.00
18:02:08      29    0.00    0.00    0.00    0.00    0.00    0.00    0.00    0.00    0.00  100.00

18:02:08     CPU    %usr   %nice    %sys %iowait    %irq   %soft  %steal  %guest  %gnice   %idle
18:02:09      12   76.29    0.00    4.12    0.00    0.00    0.00    0.00    0.00    0.00   19.59
18:02:09      13   71.88    0.00    4.17    0.00    0.00    0.00    0.00    0.00    0.00   23.96
18:02:09      28    0.00    0.00    0.00    0.00    0.00    0.00    0.00    0.00    0.00  100.00
18:02:09      29    0.00    0.00    0.00    0.00    0.00    0.00    0.00    0.00    0.00  100.00

18:02:09     CPU    %usr   %nice    %sys %iowait    %irq   %soft  %steal  %guest  %gnice   %idle
18:02:10      12   72.16    0.00    7.22    0.00    0.00    0.00    0.00    0.00    0.00   20.62
18:02:10      13   70.41    0.00    8.16    0.00    0.00    0.00    0.00    0.00    0.00   21.43
18:02:10      28    0.00    0.00    0.00    0.00    0.00    0.00    0.00    0.00    0.00  100.00
18:02:10      29    0.00    0.00    0.00    0.00    0.00    0.00    0.00    0.00    0.00  100.00

18:02:10     CPU    %usr   %nice    %sys %iowait    %irq   %soft  %steal  %guest  %gnice   %idle
18:02:11      12   79.80    0.00    4.04    0.00    0.00    0.00    0.00    0.00    0.00   16.16
18:02:11      13   60.20    0.00    4.08    0.00    0.00    0.00    0.00    0.00    0.00   35.71
18:02:11      28    0.00    0.00    0.00    0.00    0.00    0.00    0.00    0.00    0.00  100.00
18:02:11      29    0.00    0.00    0.00    0.00    0.00    0.00    0.00    0.00    0.00  100.00

18:02:11     CPU    %usr   %nice    %sys %iowait    %irq   %soft  %steal  %guest  %gnice   %idle
18:02:12      12  100.00    0.00    0.00    0.00    0.00    0.00    0.00    0.00    0.00    0.00
18:02:12      13    0.00    0.00    0.00    0.00    0.00    0.00    0.00    0.00    0.00  100.00
18:02:12      28    0.00    0.00    0.00    0.00    0.00    0.00    0.00    0.00    0.00  100.00
18:02:12      29    0.00    0.00    0.00    0.00    0.00    0.00    0.00    0.00    0.00  100.00

18:02:12     CPU    %usr   %nice    %sys %iowait    %irq   %soft  %steal  %guest  %gnice   %idle
18:02:13      12   99.01    0.00    0.00    0.00    0.00    0.00    0.00    0.00    0.00    0.99
18:02:13      13    0.00    0.00    0.00    0.00    0.00    0.00    0.00    0.00    0.00  100.00
18:02:13      28    0.00    0.00    0.00    0.00    0.00    0.00    0.00    0.00    0.00  100.00
18:02:13      29    0.00    0.00    0.00    0.00    0.00    0.00    0.00    0.00    0.00  100.00

18:02:13     CPU    %usr   %nice    %sys %iowait    %irq   %soft  %steal  %guest  %gnice   %idle
18:02:14      12   66.67    0.00    1.04    0.00    0.00    0.00    0.00    0.00    0.00   32.29
18:02:14      13   40.21    0.00    1.03    0.00    0.00    0.00    0.00    0.00    0.00   58.76
18:02:14      28    0.00    0.00    0.00    0.00    0.00    0.00    0.00    0.00    0.00  100.00
18:02:14      29    0.00    0.00    0.00    0.00    0.00    0.00    0.00    0.00    0.00  100.00

18:02:14     CPU    %usr   %nice    %sys %iowait    %irq   %soft  %steal  %guest  %gnice   %idle
18:02:15      12   51.58    0.00    1.05    0.00    0.00    0.00    0.00    0.00    0.00   47.37
18:02:15      13   56.25    0.00    1.04    0.00    0.00    0.00    0.00    0.00    0.00   42.71
18:02:15      28    0.00    0.00    0.00    0.00    0.00    0.00    0.00    0.00    0.00  100.00
18:02:15      29    0.00    0.00    0.00    0.00    0.00    0.00    0.00    0.00    0.00  100.00

18:02:15     CPU    %usr   %nice    %sys %iowait    %irq   %soft  %steal  %guest  %gnice   %idle
18:02:16      12   77.78    0.00   11.11    0.00    0.00    0.00    0.00    0.00    0.00   11.11
18:02:16      13   27.37    0.00    3.16    0.00    0.00    0.00    0.00    0.00    0.00   69.47
18:02:16      28    0.00    0.00    0.00    0.00    0.00    0.00    0.00    0.00    0.00  100.00
18:02:16      29    0.00    0.00    0.00    0.00    0.00    0.00    0.00    0.00    0.00  100.00

18:02:16     CPU    %usr   %nice    %sys %iowait    %irq   %soft  %steal  %guest  %gnice   %idle
18:02:17      12   73.40    0.00    4.26    0.00    0.00    0.00    0.00    0.00    0.00   22.34
18:02:17      13   70.10    0.00    7.22    0.00    0.00    0.00    0.00    0.00    0.00   22.68
18:02:17      28    0.00    0.00    0.00    0.00    0.00    0.00    0.00    0.00    0.00  100.00
18:02:17      29    0.00    0.00    0.00    0.00    0.00    0.00    0.00    0.00    0.00  100.00

18:02:17     CPU    %usr   %nice    %sys %iowait    %irq   %soft  %steal  %guest  %gnice   %idle
18:02:18      12   75.00    0.00    4.17    0.00    0.00    0.00    0.00    0.00    0.00   20.83
18:02:18      13   66.33    0.00    4.08    0.00    0.00    0.00    0.00    0.00    0.00   29.59
18:02:18      28    0.00    0.00    0.00    0.00    0.00    0.00    0.00    0.00    0.00  100.00
18:02:18      29    0.00    0.00    0.00    0.00    0.00    0.00    0.00    0.00    0.00  100.00

18:02:18     CPU    %usr   %nice    %sys %iowait    %irq   %soft  %steal  %guest  %gnice   %idle
18:02:19      12  100.00    0.00    0.00    0.00    0.00    0.00    0.00    0.00    0.00    0.00
18:02:19      13    0.00    0.00    0.00    0.00    0.00    0.00    0.00    0.00    0.00  100.00
18:02:19      28    0.00    0.00    0.00    0.00    0.00    0.00    0.00    0.00    0.00  100.00
18:02:19      29    0.00    0.00    0.00    0.00    0.00    0.00    0.00    0.00    0.00  100.00

18:02:19     CPU    %usr   %nice    %sys %iowait    %irq   %soft  %steal  %guest  %gnice   %idle
18:02:20      12   98.00    0.00    1.00    0.00    0.00    0.00    0.00    0.00    0.00    1.00
18:02:20      13    1.98    0.00    0.99    0.00    0.00    0.00    0.00    0.00    0.00   97.03
18:02:20      28    0.00    0.00    0.00    0.00    0.00    0.00    0.00    0.00    0.00  100.00
18:02:20      29    0.00    0.00    0.00    0.00    0.00    0.00    0.00    0.00    0.00  100.00

18:02:20     CPU    %usr   %nice    %sys %iowait    %irq   %soft  %steal  %guest  %gnice   %idle
18:02:21      12   84.54    0.00    0.00    0.00    0.00    0.00    0.00    0.00    0.00   15.46
18:02:21      13   18.28    0.00    0.00    0.00    0.00    0.00    0.00    0.00    0.00   81.72
18:02:21      28    0.00    0.00    0.00    0.00    0.00    0.00    0.00    0.00    0.00  100.00
18:02:21      29    0.00    0.00    0.00    0.00    0.00    0.00    0.00    0.00    0.00  100.00

18:02:21     CPU    %usr   %nice    %sys %iowait    %irq   %soft  %steal  %guest  %gnice   %idle
18:02:22      12   87.88    0.00    2.02    0.00    0.00    0.00    0.00    0.00    0.00   10.10
18:02:22      13   20.00    0.00    2.11    0.00    0.00    0.00    0.00    0.00    0.00   77.89
18:02:22      28    0.00    0.00    0.00    0.00    0.00    0.00    0.00    0.00    0.00  100.00
18:02:22      29    0.00    0.00    0.00    0.00    0.00    0.00    0.00    0.00    0.00  100.00

18:02:22     CPU    %usr   %nice    %sys %iowait    %irq   %soft  %steal  %guest  %gnice   %idle
18:02:23      12   67.01    0.00    4.12    0.00    0.00    0.00    0.00    0.00    0.00   28.87
18:02:23      13   52.63    0.00    4.21    0.00    0.00    0.00    0.00    0.00    0.00   43.16
18:02:23      28    0.00    0.00    0.00    0.00    0.00    0.00    0.00    0.00    0.00  100.00
18:02:23      29    0.00    0.00    0.00    0.00    0.00    0.00    0.00    0.00    0.00  100.00

18:02:23     CPU    %usr   %nice    %sys %iowait    %irq   %soft  %steal  %guest  %gnice   %idle
18:02:24      12   71.13    0.00    6.19    0.00    0.00    0.00    0.00    0.00    0.00   22.68
18:02:24      13   70.83    0.00    5.21    0.00    0.00    0.00    0.00    0.00    0.00   23.96
18:02:24      28    0.00    0.00    0.00    0.00    0.00    0.00    0.00    0.00    0.00  100.00
18:02:24      29    0.00    0.00    0.00    0.00    0.00    0.00    0.00    0.00    0.00  100.00

18:02:24     CPU    %usr   %nice    %sys %iowait    %irq   %soft  %steal  %guest  %gnice   %idle
18:02:25      12   73.74    0.00    4.04    0.00    0.00    0.00    0.00    0.00    0.00   22.22
18:02:25      13   63.27    0.00    4.08    0.00    0.00    0.00    0.00    0.00    0.00   32.65
18:02:25      28    0.00    0.00    0.00    0.00    0.00    0.00    0.00    0.00    0.00  100.00
18:02:25      29    0.00    0.00    0.00    0.00    0.00    0.00    0.00    0.00    0.00  100.00

18:02:25     CPU    %usr   %nice    %sys %iowait    %irq   %soft  %steal  %guest  %gnice   %idle
18:02:26      12  100.00    0.00    0.00    0.00    0.00    0.00    0.00    0.00    0.00    0.00
18:02:26      13    0.00    0.00    0.00    0.00    0.00    0.00    0.00    0.00    0.00  100.00
18:02:26      28    0.00    0.00    0.00    0.00    0.00    0.00    0.00    0.00    0.00  100.00
18:02:26      29    0.00    0.00    0.00    0.00    0.00    0.00    0.00    0.00    0.00  100.00

18:02:26     CPU    %usr   %nice    %sys %iowait    %irq   %soft  %steal  %guest  %gnice   %idle
18:02:27      12   99.00    0.00    0.00    0.00    0.00    0.00    0.00    0.00    0.00    1.00
18:02:27      13    1.01    0.00    0.00    0.00    0.00    0.00    0.00    0.00    0.00   98.99
18:02:27      28    0.00    0.00    0.00    0.00    0.00    0.00    0.00    0.00    0.00  100.00
18:02:27      29    0.00    0.00    0.00    0.00    0.00    0.00    0.00    0.00    0.00  100.00

18:02:27     CPU    %usr   %nice    %sys %iowait    %irq   %soft  %steal  %guest  %gnice   %idle
18:02:28      12   68.75    0.00    1.04    0.00    0.00    0.00    0.00    0.00    0.00   30.21
18:02:28      13   44.79    0.00    1.04    0.00    0.00    0.00    0.00    0.00    0.00   54.17
18:02:28      28    0.00    0.00    0.00    0.00    0.00    0.00    0.00    0.00    0.00  100.00
18:02:28      29    0.00    0.00    0.00    0.00    0.00    0.00    0.00    0.00    0.00  100.00

18:02:28     CPU    %usr   %nice    %sys %iowait    %irq   %soft  %steal  %guest  %gnice   %idle
18:02:29      12   75.26    0.00    0.00    0.00    0.00    0.00    0.00    0.00    0.00   24.74
18:02:29      13   35.48    0.00    0.00    0.00    0.00    0.00    0.00    0.00    0.00   64.52
18:02:29      28    0.00    0.00    0.00    0.00    0.00    0.00    0.00    0.00    0.00  100.00
18:02:29      29    0.00    0.00    0.00    0.00    0.00    0.00    0.00    0.00    0.00  100.00

18:02:29     CPU    %usr   %nice    %sys %iowait    %irq   %soft  %steal  %guest  %gnice   %idle
18:02:30      12   80.41    0.00    4.12    0.00    0.00    0.00    0.00    0.00    0.00   15.46
18:02:30      13   38.95    0.00    3.16    0.00    0.00    0.00    0.00    0.00    0.00   57.89
18:02:30      28    0.00    0.00    0.00    0.00    0.00    0.00    0.00    0.00    0.00  100.00
18:02:30      29    0.00    0.00    0.00    0.00    0.00    0.00    0.00    0.00    0.00  100.00

18:02:30     CPU    %usr   %nice    %sys %iowait    %irq   %soft  %steal  %guest  %gnice   %idle
18:02:31      12   72.73    0.00    4.04    0.00    0.00    0.00    0.00    0.00    0.00   23.23
18:02:31      13   69.79    0.00    6.25    0.00    0.00    0.00    0.00    0.00    0.00   23.96
18:02:31      28    0.00    0.00    0.00    0.00    0.00    0.00    0.00    0.00    0.00  100.00
18:02:31      29    0.00    0.00    0.00    0.00    0.00    0.00    0.00    0.00    0.00  100.00

18:02:31     CPU    %usr   %nice    %sys %iowait    %irq   %soft  %steal  %guest  %gnice   %idle
18:02:32      12   73.47    0.00    6.12    0.00    0.00    0.00    0.00    0.00    0.00   20.41
18:02:32      13   71.88    0.00    5.21    0.00    0.00    0.00    0.00    0.00    0.00   22.92
18:02:32      28    0.00    0.00    0.00    0.00    0.00    0.00    0.00    0.00    0.00  100.00
18:02:32      29    0.00    0.00    0.00    0.00    0.00    0.00    0.00    0.00    0.00  100.00

18:02:32     CPU    %usr   %nice    %sys %iowait    %irq   %soft  %steal  %guest  %gnice   %idle
18:02:33      12   72.16    0.00    7.22    0.00    0.00    0.00    0.00    0.00    0.00   20.62
18:02:33      13   71.43    0.00    6.12    0.00    0.00    0.00    0.00    0.00    0.00   22.45
18:02:33      28    0.00    0.00    0.00    0.00    0.00    0.00    0.00    0.00    0.00  100.00
18:02:33      29    0.00    0.00    0.00    0.00    0.00    0.00    0.00    0.00    0.00  100.00

18:02:33     CPU    %usr   %nice    %sys %iowait    %irq   %soft  %steal  %guest  %gnice   %idle
18:02:34      12   73.68    0.00    6.32    0.00    0.00    0.00    0.00    0.00    0.00   20.00
18:02:34      13   72.73    0.00    6.06    0.00    0.00    0.00    0.00    0.00    0.00   21.21
18:02:34      28    0.00    0.00    0.00    0.00    0.00    0.00    0.00    0.00    0.00  100.00
18:02:34      29    0.00    0.00    0.00    0.00    0.00    0.00    0.00    0.00    0.00  100.00

18:02:34     CPU    %usr   %nice    %sys %iowait    %irq   %soft  %steal  %guest  %gnice   %idle
18:02:35      12   56.25    0.00    4.17    0.00    0.00    0.00    0.00    0.00    0.00   39.58
18:02:35      13   58.51    0.00    3.19    0.00    0.00    0.00    0.00    0.00    0.00   38.30
18:02:35      28    0.00    0.00    0.00    0.00    0.00    0.00    0.00    0.00    0.00  100.00
18:02:35      29    0.00    0.00    0.00    0.00    0.00    0.00    0.00    0.00    0.00  100.00

18:02:35     CPU    %usr   %nice    %sys %iowait    %irq   %soft  %steal  %guest  %gnice   %idle
18:02:36      12   74.23    0.00    2.06    0.00    0.00    0.00    0.00    0.00    0.00   23.71
18:02:36      13   36.56    0.00    1.08    0.00    0.00    0.00    0.00    0.00    0.00   62.37
18:02:36      28    0.00    0.00    0.00    0.00    0.00    0.00    0.00    0.00    0.00  100.00
18:02:36      29    0.00    0.00    0.00    0.00    0.00    0.00    0.00    0.00    0.00  100.00

18:02:36     CPU    %usr   %nice    %sys %iowait    %irq   %soft  %steal  %guest  %gnice   %idle
18:02:37      12   79.38    0.00    5.15    0.00    0.00    0.00    0.00    0.00    0.00   15.46
18:02:37      13   43.01    0.00    3.23    0.00    0.00    0.00    0.00    0.00    0.00   53.76
18:02:37      28    0.00    0.00    0.00    0.00    0.00    0.00    0.00    0.00    0.00  100.00
18:02:37      29    2.00    0.00    1.00    0.00    0.00    0.00    0.00    0.00    0.00   97.00

18:02:37     CPU    %usr   %nice    %sys %iowait    %irq   %soft  %steal  %guest  %gnice   %idle
18:02:38      12   69.79    0.00    7.29    0.00    0.00    0.00    0.00    0.00    0.00   22.92
18:02:38      13   68.75    0.00    5.21    0.00    0.00    0.00    0.00    0.00    0.00   26.04
18:02:38      28    0.00    0.00    0.00    0.00    0.00    0.00    0.00    0.00    0.00  100.00
18:02:38      29    0.00    0.00    0.00    0.00    0.00    0.00    0.00    0.00    0.00  100.00

18:02:38     CPU    %usr   %nice    %sys %iowait    %irq   %soft  %steal  %guest  %gnice   %idle
18:02:39      12   72.16    0.00    4.12    0.00    0.00    0.00    0.00    0.00    0.00   23.71
18:02:39      13   69.70    0.00    5.05    0.00    0.00    0.00    0.00    0.00    0.00   25.25
18:02:39      28    0.00    0.00    0.00    0.00    0.00    0.00    0.00    0.00    0.00  100.00
18:02:39      29    0.00    0.00    0.00    0.00    0.00    0.00    0.00    0.00    0.00  100.00

18:02:39     CPU    %usr   %nice    %sys %iowait    %irq   %soft  %steal  %guest  %gnice   %idle
18:02:40      12   67.37    0.00    8.42    0.00    0.00    0.00    0.00    0.00    0.00   24.21
18:02:40      13   69.07    0.00    6.19    0.00    0.00    0.00    0.00    0.00    0.00   24.74
18:02:40      28    0.00    0.00    0.00    0.00    0.00    0.00    0.00    0.00    0.00  100.00
18:02:40      29    0.00    0.00    0.00    0.00    0.00    0.00    0.00    0.00    0.00  100.00

18:02:40     CPU    %usr   %nice    %sys %iowait    %irq   %soft  %steal  %guest  %gnice   %idle
18:02:41      12   73.96    0.00    7.29    0.00    0.00    0.00    0.00    0.00    0.00   18.75
18:02:41      13   72.45    0.00    7.14    0.00    0.00    0.00    0.00    0.00    0.00   20.41
18:02:41      28    0.00    0.00    0.00    0.00    0.00    0.00    0.00    0.00    0.00  100.00
18:02:41      29    0.00    0.00    0.00    0.00    0.00    0.00    0.00    0.00    0.00  100.00

18:02:41     CPU    %usr   %nice    %sys %iowait    %irq   %soft  %steal  %guest  %gnice   %idle
18:02:42      12   97.00    0.00    0.00    0.00    0.00    0.00    0.00    0.00    0.00    3.00
18:02:42      13    7.07    0.00    0.00    0.00    0.00    0.00    0.00    0.00    0.00   92.93
18:02:42      28    0.00    0.00    0.00    0.00    0.00    0.00    0.00    0.00    0.00  100.00
18:02:42      29    0.00    0.00    0.00    0.00    0.00    0.00    0.00    0.00    0.00  100.00

18:02:42     CPU    %usr   %nice    %sys %iowait    %irq   %soft  %steal  %guest  %gnice   %idle
18:02:43      12   98.99    0.00    0.00    0.00    0.00    0.00    0.00    0.00    0.00    1.01
18:02:43      13    1.00    0.00    0.00    0.00    0.00    0.00    0.00    0.00    0.00   99.00
18:02:43      28    0.00    0.00    0.00    0.00    0.00    0.00    0.00    0.00    0.00  100.00
18:02:43      29    0.00    0.00    0.00    0.00    0.00    0.99    0.00    0.00    0.00   99.01

18:02:43     CPU    %usr   %nice    %sys %iowait    %irq   %soft  %steal  %guest  %gnice   %idle
18:02:44      12   83.00    0.00    3.00    0.00    0.00    0.00    0.00    0.00    0.00   14.00
18:02:44      13   34.02    0.00    3.09    0.00    0.00    0.00    0.00    0.00    0.00   62.89
18:02:44      28    0.00    0.00    0.00    0.00    0.00    0.00    0.00    0.00    0.00  100.00
18:02:44      29    0.00    0.00    1.00    0.00    0.00    0.00    0.00    0.00    0.00   99.00

18:02:44     CPU    %usr   %nice    %sys %iowait    %irq   %soft  %steal  %guest  %gnice   %idle
18:02:45      12   70.41    0.00    8.16    0.00    0.00    0.00    0.00    0.00    0.00   21.43
18:02:45      13   63.27    0.00    7.14    0.00    0.00    0.00    0.00    0.00    0.00   29.59
18:02:45      28    5.00    0.00    2.00    0.00    0.00    0.00    0.00    0.00    0.00   93.00
18:02:45      29    4.04    0.00    0.00    0.00    0.00    0.00    0.00    0.00    0.00   95.96

18:02:45     CPU    %usr   %nice    %sys %iowait    %irq   %soft  %steal  %guest  %gnice   %idle
18:02:46      12   72.34    0.00    5.32    0.00    0.00    0.00    0.00    0.00    0.00   22.34
18:02:46      13   72.92    0.00    6.25    0.00    0.00    0.00    0.00    0.00    0.00   20.83
18:02:46      28    0.00    0.00    0.00    0.00    0.00    0.00    0.00    0.00    0.00  100.00
18:02:46      29    0.00    0.00    0.00    0.00    0.00    0.00    0.00    0.00    0.00  100.00

18:02:46     CPU    %usr   %nice    %sys %iowait    %irq   %soft  %steal  %guest  %gnice   %idle
18:02:47      12   76.04    0.00    4.17    0.00    0.00    0.00    0.00    0.00    0.00   19.79
18:02:47      13   74.49    0.00    5.10    0.00    0.00    0.00    0.00    0.00    0.00   20.41
18:02:47      28    0.00    0.00    0.00    0.00    0.00    0.00    0.00    0.00    0.00  100.00
18:02:47      29    0.00    0.00    0.00    0.00    0.00    0.00    0.00    0.00    0.00  100.00

18:02:47     CPU    %usr   %nice    %sys %iowait    %irq   %soft  %steal  %guest  %gnice   %idle
18:02:48      12   72.45    0.00    6.12    0.00    0.00    0.00    0.00    0.00    0.00   21.43
18:02:48      13   71.58    0.00    5.26    0.00    0.00    0.00    0.00    0.00    0.00   23.16
18:02:48      28    0.00    0.00    0.00    0.00    0.00    0.00    0.00    0.00    0.00  100.00
18:02:48      29    0.00    0.00    0.00    0.00    0.00    0.00    0.00    0.00    0.00  100.00

18:02:48     CPU    %usr   %nice    %sys %iowait    %irq   %soft  %steal  %guest  %gnice   %idle
18:02:49      12   91.84    0.00    2.04    0.00    0.00    0.00    0.00    0.00    0.00    6.12
18:02:49      13   16.16    0.00    1.01    0.00    0.00    0.00    0.00    0.00    0.00   82.83
18:02:49      28    0.00    0.00    0.00    0.00    0.00    0.00    0.00    0.00    0.00  100.00
18:02:49      29    0.00    0.00    0.00    0.00    0.00    0.00    0.00    0.00    0.00  100.00

18:02:49     CPU    %usr   %nice    %sys %iowait    %irq   %soft  %steal  %guest  %gnice   %idle
18:02:50      12   98.02    0.00    0.00    0.00    0.00    0.00    0.00    0.00    0.00    1.98
18:02:50      13    0.99    0.00    0.99    0.00    0.00    0.00    0.00    0.00    0.00   98.02
18:02:50      28    0.99    0.00    0.00    0.00    0.00    0.00    0.00    0.00    0.00   99.01
18:02:50      29    1.98    0.00    0.99    0.99    0.00    0.00    0.00    0.00    0.00   96.04

18:02:50     CPU    %usr   %nice    %sys %iowait    %irq   %soft  %steal  %guest  %gnice   %idle
18:02:51      12   83.67    0.00    0.00    0.00    0.00    0.00    0.00    0.00    0.00   16.33
18:02:51      13   23.47    0.00    1.02    0.00    0.00    0.00    0.00    0.00    0.00   75.51
18:02:51      28    0.00    0.00    0.00    0.00    0.00    0.00    0.00    0.00    0.00  100.00
18:02:51      29    0.00    0.00    0.00    0.00    0.00    0.00    0.00    0.00    0.00  100.00

18:02:51     CPU    %usr   %nice    %sys %iowait    %irq   %soft  %steal  %guest  %gnice   %idle
18:02:52      12   56.25    0.00    2.08    0.00    0.00    0.00    0.00    0.00    0.00   41.67
18:02:52      13   59.57    0.00    1.06    0.00    0.00    0.00    0.00    0.00    0.00   39.36
18:02:52      28    0.00    0.00    0.00    0.00    0.00    0.00    0.00    0.00    0.00  100.00
18:02:52      29    0.00    0.00    0.00    0.00    0.00    0.00    0.00    0.00    0.00  100.00

18:02:52     CPU    %usr   %nice    %sys %iowait    %irq   %soft  %steal  %guest  %gnice   %idle
18:02:53      12   81.44    0.00    1.03    0.00    0.00    0.00    0.00    0.00    0.00   17.53
18:02:53      13   25.81    0.00    1.08    0.00    0.00    0.00    0.00    0.00    0.00   73.12
18:02:53      28    0.00    0.00    0.00    0.00    0.00    0.00    0.00    0.00    0.00  100.00
18:02:53      29    0.00    0.00    0.00    0.00    0.00    0.00    0.00    0.00    0.00  100.00

18:02:53     CPU    %usr   %nice    %sys %iowait    %irq   %soft  %steal  %guest  %gnice   %idle
18:02:54      12   70.41    0.00   10.20    0.00    0.00    0.00    0.00    0.00    0.00   19.39
18:02:54      13   64.29    0.00    7.14    0.00    0.00    0.00    0.00    0.00    0.00   28.57
18:02:54      28    0.00    0.00    0.00    0.00    0.00    0.00    0.00    0.00    0.00  100.00
18:02:54      29    0.00    0.00    0.00    0.00    0.00    0.00    0.00    0.00    0.00  100.00

18:02:54     CPU    %usr   %nice    %sys %iowait    %irq   %soft  %steal  %guest  %gnice   %idle
18:02:55      12   74.23    0.00    4.12    0.00    0.00    0.00    0.00    0.00    0.00   21.65
18:02:55      13   73.68    0.00    4.21    0.00    0.00    0.00    0.00    0.00    0.00   22.11
18:02:55      28    0.00    0.00    0.00    0.00    0.00    0.00    0.00    0.00    0.00  100.00
18:02:55      29    0.00    0.00    0.00    0.00    0.00    0.00    0.00    0.00    0.00  100.00

18:02:55     CPU    %usr   %nice    %sys %iowait    %irq   %soft  %steal  %guest  %gnice   %idle
18:02:56      12   93.94    0.00    1.01    0.00    0.00    0.00    0.00    0.00    0.00    5.05
18:02:56      13   18.56    0.00    1.03    0.00    0.00    0.00    0.00    0.00    0.00   80.41
18:02:56      28    0.00    0.00    0.00    0.00    0.00    0.00    0.00    0.00    0.00  100.00
18:02:56      29    0.00    0.00    0.00    0.00    0.00    0.00    0.00    0.00    0.00  100.00

18:02:56     CPU    %usr   %nice    %sys %iowait    %irq   %soft  %steal  %guest  %gnice   %idle
18:02:57      12   97.00    0.00    0.00    0.00    0.00    0.00    0.00    0.00    0.00    3.00
18:02:57      13    3.00    0.00    0.00    0.00    0.00    0.00    0.00    0.00    0.00   97.00
18:02:57      28    0.00    0.00    0.00    0.00    0.00    0.00    0.00    0.00    0.00  100.00
18:02:57      29    0.00    0.00    0.00    0.00    0.00    0.00    0.00    0.00    0.00  100.00

18:02:57     CPU    %usr   %nice    %sys %iowait    %irq   %soft  %steal  %guest  %gnice   %idle
18:02:58      12   85.71    0.00    0.00    0.00    0.00    0.00    0.00    0.00    0.00   14.29
18:02:58      13   16.16    0.00    1.01    0.00    0.00    0.00    0.00    0.00    0.00   82.83
18:02:58      28    0.00    0.00    0.00    0.00    0.00    0.00    0.00    0.00    0.00  100.00
18:02:58      29    0.00    0.00    0.00    0.00    0.00    0.00    0.00    0.00    0.00  100.00

18:02:58     CPU    %usr   %nice    %sys %iowait    %irq   %soft  %steal  %guest  %gnice   %idle
18:02:59      12   54.17    0.00    1.04    0.00    0.00    0.00    0.00    0.00    0.00   44.79
18:02:59      13   50.00    0.00    1.06    0.00    0.00    0.00    0.00    0.00    0.00   48.94
18:02:59      28    0.00    0.00    0.00    0.00    0.00    0.00    0.00    0.00    0.00  100.00
18:02:59      29    0.00    0.00    0.00    0.00    0.00    0.00    0.00    0.00    0.00  100.00

18:02:59     CPU    %usr   %nice    %sys %iowait    %irq   %soft  %steal  %guest  %gnice   %idle
18:03:00      12   83.67    0.00    1.02    0.00    0.00    0.00    0.00    0.00    0.00   15.31
18:03:00      13   25.26    0.00    1.05    0.00    0.00    0.00    0.00    0.00    0.00   73.68
18:03:00      28    0.00    0.00    0.00    0.00    0.00    0.00    0.00    0.00    0.00  100.00
18:03:00      29    0.00    0.00    0.00    0.00    0.00    0.00    0.00    0.00    0.00  100.00

18:03:00     CPU    %usr   %nice    %sys %iowait    %irq   %soft  %steal  %guest  %gnice   %idle
18:03:01      12   71.58    0.00    8.42    0.00    0.00    0.00    0.00    0.00    0.00   20.00
18:03:01      13   63.92    0.00    7.22    0.00    0.00    0.00    0.00    0.00    0.00   28.87
18:03:01      28    0.00    0.00    0.00    0.00    0.00    0.00    0.00    0.00    0.00  100.00
18:03:01      29    0.00    0.00    0.00    0.00    0.00    0.00    0.00    0.00    0.00  100.00

18:03:01     CPU    %usr   %nice    %sys %iowait    %irq   %soft  %steal  %guest  %gnice   %idle
18:03:02      12   69.79    0.00    6.25    0.00    0.00    0.00    0.00    0.00    0.00   23.96
18:03:02      13   69.47    0.00    3.16    0.00    0.00    0.00    0.00    0.00    0.00   27.37
18:03:02      28    0.00    0.00    0.00    0.00    0.00    0.00    0.00    0.00    0.00  100.00
18:03:02      29    0.00    0.00    0.00    0.00    0.00    0.00    0.00    0.00    0.00  100.00

18:03:02     CPU    %usr   %nice    %sys %iowait    %irq   %soft  %steal  %guest  %gnice   %idle
18:03:03      12   88.89    0.00    2.02    0.00    0.00    0.00    0.00    0.00    0.00    9.09
18:03:03      13   25.00    0.00    2.00    0.00    0.00    0.00    0.00    0.00    0.00   73.00
18:03:03      28    0.00    0.00    0.00    0.00    0.00    0.00    0.00    0.00    0.00  100.00
18:03:03      29    0.00    0.00    0.00    0.00    0.00    0.00    0.00    0.00    0.00  100.00

18:03:03     CPU    %usr   %nice    %sys %iowait    %irq   %soft  %steal  %guest  %gnice   %idle
18:03:04      12   99.00    0.00    0.00    0.00    0.00    0.00    0.00    0.00    0.00    1.00
18:03:04      13    0.00    0.00    0.00    0.00    0.00    0.00    0.00    0.00    0.00  100.00
18:03:04      28    0.00    0.00    0.00    0.00    0.00    0.00    0.00    0.00    0.00  100.00
18:03:04      29    0.00    0.00    0.00    0.00    0.00    0.00    0.00    0.00    0.00  100.00

18:03:04     CPU    %usr   %nice    %sys %iowait    %irq   %soft  %steal  %guest  %gnice   %idle
18:03:05      12   91.92    0.00    0.00    0.00    0.00    0.00    0.00    0.00    0.00    8.08
18:03:05      13   12.12    0.00    0.00    0.00    0.00    0.00    0.00    0.00    0.00   87.88
18:03:05      28    0.00    0.00    0.00    0.00    0.00    0.00    0.00    0.00    0.00  100.00
18:03:05      29    0.00    0.00    0.00    0.00    0.00    0.00    0.00    0.00    0.00  100.00

18:03:05     CPU    %usr   %nice    %sys %iowait    %irq   %soft  %steal  %guest  %gnice   %idle
18:03:06      12   57.29    0.00    1.04    0.00    0.00    0.00    0.00    0.00    0.00   41.67
18:03:06      13   56.70    0.00    2.06    0.00    0.00    0.00    0.00    0.00    0.00   41.24
18:03:06      28    0.00    0.00    0.00    0.00    0.00    0.00    0.00    0.00    0.00  100.00
18:03:06      29    0.00    0.00    0.00    0.00    0.00    0.00    0.00    0.00    0.00  100.00

18:03:06     CPU    %usr   %nice    %sys %iowait    %irq   %soft  %steal  %guest  %gnice   %idle
18:03:07      12   79.59    0.00    1.02    0.00    0.00    0.00    0.00    0.00    0.00   19.39
18:03:07      13   27.17    0.00    0.00    0.00    0.00    0.00    0.00    0.00    0.00   72.83
18:03:07      28    0.00    0.00    0.00    0.00    0.00    0.00    0.00    0.00    0.00  100.00
18:03:07      29    0.00    0.00    0.00    0.00    0.00    0.00    0.00    0.00    0.00  100.00

18:03:07     CPU    %usr   %nice    %sys %iowait    %irq   %soft  %steal  %guest  %gnice   %idle
18:03:08      12   74.23    0.00    4.12    0.00    0.00    0.00    0.00    0.00    0.00   21.65
18:03:08      13   64.21    0.00    3.16    0.00    0.00    0.00    0.00    0.00    0.00   32.63
18:03:08      28    0.00    0.00    0.00    0.00    0.00    0.00    0.00    0.00    0.00  100.00
18:03:08      29    0.00    0.00    0.00    0.00    0.00    0.00    0.00    0.00    0.00  100.00

18:03:08     CPU    %usr   %nice    %sys %iowait    %irq   %soft  %steal  %guest  %gnice   %idle
18:03:09      12   74.49    0.00    4.08    0.00    0.00    0.00    0.00    0.00    0.00   21.43
18:03:09      13   74.23    0.00    5.15    0.00    0.00    0.00    0.00    0.00    0.00   20.62
18:03:09      28    0.00    0.00    0.00    0.00    0.00    0.00    0.00    0.00    0.00  100.00
18:03:09      29    0.00    0.00    0.00    0.00    0.00    0.00    0.00    0.00    0.00  100.00

18:03:09     CPU    %usr   %nice    %sys %iowait    %irq   %soft  %steal  %guest  %gnice   %idle
18:03:10      12   73.20    0.00    6.19    0.00    0.00    0.00    0.00    0.00    0.00   20.62
18:03:10      13   70.10    0.00    6.19    0.00    0.00    0.00    0.00    0.00    0.00   23.71
18:03:10      28    0.00    0.00    0.00    0.00    0.00    0.00    0.00    0.00    0.00  100.00
18:03:10      29    0.00    0.00    0.00    0.00    0.00    0.00    0.00    0.00    0.00  100.00

18:03:10     CPU    %usr   %nice    %sys %iowait    %irq   %soft  %steal  %guest  %gnice   %idle
18:03:11      12   71.13    0.00    6.19    0.00    0.00    0.00    0.00    0.00    0.00   22.68
18:03:11      13   72.16    0.00    6.19    0.00    0.00    0.00    0.00    0.00    0.00   21.65
18:03:11      28    0.00    0.00    0.00    0.00    0.00    0.00    0.00    0.00    0.00  100.00
18:03:11      29    0.00    0.00    0.00    0.00    0.00    0.00    0.00    0.00    0.00  100.00

18:03:11     CPU    %usr   %nice    %sys %iowait    %irq   %soft  %steal  %guest  %gnice   %idle
18:03:12      12   66.67    0.00    3.12    0.00    0.00    0.00    0.00    0.00    0.00   30.21
18:03:12      13   64.58    0.00    2.08    0.00    0.00    0.00    0.00    0.00    0.00   33.33
18:03:12      28    0.00    0.00    0.00    0.00    0.00    0.00    0.00    0.00    0.00  100.00
18:03:12      29    0.00    0.00    0.00    0.00    0.00    0.00    0.00    0.00    0.00  100.00

18:03:12     CPU    %usr   %nice    %sys %iowait    %irq   %soft  %steal  %guest  %gnice   %idle
18:03:13      12   81.44    0.00    1.03    0.00    0.00    0.00    0.00    0.00    0.00   17.53
18:03:13      13   24.73    0.00    1.08    0.00    0.00    0.00    0.00    0.00    0.00   74.19
18:03:13      28    0.00    0.00    0.00    0.00    0.00    0.00    0.00    0.00    0.00  100.00
18:03:13      29    0.00    0.00    0.00    0.00    0.00    0.00    0.00    0.00    0.00  100.00

18:03:13     CPU    %usr   %nice    %sys %iowait    %irq   %soft  %steal  %guest  %gnice   %idle
18:03:14      12   80.41    0.00    2.06    0.00    0.00    0.00    0.00    0.00    0.00   17.53
18:03:14      13   35.48    0.00    1.08    0.00    0.00    0.00    0.00    0.00    0.00   63.44
18:03:14      28    0.00    0.00    0.00    0.00    0.00    0.00    0.00    0.00    0.00  100.00
18:03:14      29    0.00    0.00    0.00    0.00    0.00    0.00    0.00    0.00    0.00  100.00

18:03:14     CPU    %usr   %nice    %sys %iowait    %irq   %soft  %steal  %guest  %gnice   %idle
18:03:15      12   72.92    0.00    6.25    0.00    0.00    0.00    0.00    0.00    0.00   20.83
18:03:15      13   75.26    0.00    4.12    0.00    0.00    0.00    0.00    0.00    0.00   20.62
18:03:15      28    0.00    0.00    0.00    0.00    0.00    0.00    0.00    0.00    0.00  100.00
18:03:15      29    0.00    0.00    0.00    0.00    0.00    0.00    0.00    0.00    0.00  100.00

18:03:15     CPU    %usr   %nice    %sys %iowait    %irq   %soft  %steal  %guest  %gnice   %idle
18:03:16      12   71.43    0.00    4.08    0.00    0.00    0.00    0.00    0.00    0.00   24.49
18:03:16      13   72.92    0.00    3.12    0.00    0.00    0.00    0.00    0.00    0.00   23.96
18:03:16      28    0.00    0.00    0.00    0.00    0.00    0.00    0.00    0.00    0.00  100.00
18:03:16      29    0.00    0.00    0.00    0.00    0.00    0.00    0.00    0.00    0.00  100.00

18:03:16     CPU    %usr   %nice    %sys %iowait    %irq   %soft  %steal  %guest  %gnice   %idle
18:03:17      12   73.96    0.00    4.17    0.00    0.00    0.00    0.00    0.00    0.00   21.88
18:03:17      13   72.16    0.00    5.15    0.00    0.00    0.00    0.00    0.00    0.00   22.68
18:03:17      28    0.00    0.00    0.00    0.00    0.00    0.00    0.00    0.00    0.00  100.00
18:03:17      29    0.00    0.00    0.00    0.00    0.00    0.00    0.00    0.00    0.00  100.00

18:03:17     CPU    %usr   %nice    %sys %iowait    %irq   %soft  %steal  %guest  %gnice   %idle
18:03:18      12   73.20    0.00    7.22    0.00    0.00    0.00    0.00    0.00    0.00   19.59
18:03:18      13   72.16    0.00    6.19    0.00    0.00    0.00    0.00    0.00    0.00   21.65
18:03:18      28    0.00    0.00    0.00    0.00    0.00    0.00    0.00    0.00    0.00  100.00
18:03:18      29    0.00    0.00    0.00    0.00    0.00    0.00    0.00    0.00    0.00  100.00

18:03:18     CPU    %usr   %nice    %sys %iowait    %irq   %soft  %steal  %guest  %gnice   %idle
18:03:19      12   86.87    0.00    2.02    0.00    0.00    0.00    0.00    0.00    0.00   11.11
18:03:19      13   37.76    0.00    3.06    0.00    0.00    0.00    0.00    0.00    0.00   59.18
18:03:19      28    0.00    0.00    0.00    0.00    0.00    0.00    0.00    0.00    0.00  100.00
18:03:19      29    0.00    0.00    0.00    0.00    0.00    0.00    0.00    0.00    0.00  100.00

18:03:19     CPU    %usr   %nice    %sys %iowait    %irq   %soft  %steal  %guest  %gnice   %idle
18:03:20      12   98.00    0.00    0.00    0.00    0.00    0.00    0.00    0.00    0.00    2.00
18:03:20      13    1.98    0.00    0.00    0.00    0.00    0.00    0.00    0.00    0.00   98.02
18:03:20      28    0.00    0.00    0.00    0.00    0.00    0.00    0.00    0.00    0.00  100.00
18:03:20      29    0.00    0.00    0.00    0.00    0.00    0.00    0.00    0.00    0.00  100.00

18:03:20     CPU    %usr   %nice    %sys %iowait    %irq   %soft  %steal  %guest  %gnice   %idle
18:03:21      12   96.97    0.00    1.01    0.00    0.00    0.00    0.00    0.00    0.00    2.02
18:03:21      13    5.05    0.00    1.01    0.00    0.00    0.00    0.00    0.00    0.00   93.94
18:03:21      28    0.00    0.00    0.00    0.00    0.00    0.00    0.00    0.00    0.00  100.00
18:03:21      29    0.00    0.00    0.00    0.00    0.00    0.00    0.00    0.00    0.00  100.00

18:03:21     CPU    %usr   %nice    %sys %iowait    %irq   %soft  %steal  %guest  %gnice   %idle
18:03:22      12   69.07    0.00    5.15    0.00    0.00    0.00    0.00    0.00    0.00   25.77
18:03:22      13   69.79    0.00    4.17    0.00    0.00    0.00    0.00    0.00    0.00   26.04
18:03:22      28    0.00    0.00    0.00    0.00    0.00    0.00    0.00    0.00    0.00  100.00
18:03:22      29    0.00    0.00    0.00    0.00    0.00    0.00    0.00    0.00    0.00  100.00

18:03:22     CPU    %usr   %nice    %sys %iowait    %irq   %soft  %steal  %guest  %gnice   %idle
18:03:23      12   70.71    0.00    8.08    0.00    0.00    0.00    0.00    0.00    0.00   21.21
18:03:23      13   72.63    0.00    5.26    0.00    0.00    0.00    0.00    0.00    0.00   22.11
18:03:23      28    0.00    0.00    0.00    0.00    0.00    0.00    0.00    0.00    0.00  100.00
18:03:23      29    0.00    0.00    0.00    0.00    0.00    0.00    0.00    0.00    0.00  100.00

18:03:23     CPU    %usr   %nice    %sys %iowait    %irq   %soft  %steal  %guest  %gnice   %idle
18:03:24      12   72.92    0.00    7.29    0.00    0.00    0.00    0.00    0.00    0.00   19.79
18:03:24      13   71.43    0.00    5.10    0.00    0.00    0.00    0.00    0.00    0.00   23.47
18:03:24      28    0.00    0.00    0.00    0.00    0.00    0.00    0.00    0.00    0.00  100.00
18:03:24      29    0.00    0.00    0.00    0.00    0.00    0.00    0.00    0.00    0.00  100.00

18:03:24     CPU    %usr   %nice    %sys %iowait    %irq   %soft  %steal  %guest  %gnice   %idle
18:03:25      12   70.53    0.00    7.37    0.00    0.00    0.00    0.00    0.00    0.00   22.11
18:03:25      13   72.16    0.00    6.19    0.00    0.00    0.00    0.00    0.00    0.00   21.65
18:03:25      28    0.00    0.00    0.00    0.00    0.00    0.00    0.00    0.00    0.00  100.00
18:03:25      29    0.00    0.00    0.00    0.00    0.00    0.00    0.00    0.00    0.00  100.00

18:03:25     CPU    %usr   %nice    %sys %iowait    %irq   %soft  %steal  %guest  %gnice   %idle
18:03:26      12   85.71    0.00    3.06    0.00    0.00    0.00    0.00    0.00    0.00   11.22
18:03:26      13   36.73    0.00    3.06    0.00    0.00    0.00    0.00    0.00    0.00   60.20
18:03:26      28    0.00    0.00    0.00    0.00    0.00    0.00    0.00    0.00    0.00  100.00
18:03:26      29    0.00    0.00    0.00    0.00    0.00    0.00    0.00    0.00    0.00  100.00

18:03:26     CPU    %usr   %nice    %sys %iowait    %irq   %soft  %steal  %guest  %gnice   %idle
18:03:27      12   98.00    0.00    0.00    0.00    0.00    0.00    0.00    0.00    0.00    2.00
18:03:27      13    1.98    0.00    0.99    0.00    0.00    0.00    0.00    0.00    0.00   97.03
18:03:27      28    0.00    0.00    0.00    0.00    0.00    0.00    0.00    0.00    0.00  100.00
18:03:27      29    0.00    0.00    0.00    0.00    0.00    0.00    0.00    0.00    0.00  100.00

18:03:27     CPU    %usr   %nice    %sys %iowait    %irq   %soft  %steal  %guest  %gnice   %idle
18:03:28      12   96.00    0.00    0.00    0.00    0.00    0.00    0.00    0.00    0.00    4.00
18:03:28      13    3.06    0.00    0.00    0.00    0.00    0.00    0.00    0.00    0.00   96.94
18:03:28      28    0.00    0.00    0.00    0.00    0.00    0.00    0.00    0.00    0.00  100.00
18:03:28      29    0.00    0.00    0.00    0.00    0.00    0.00    0.00    0.00    0.00  100.00

18:03:28     CPU    %usr   %nice    %sys %iowait    %irq   %soft  %steal  %guest  %gnice   %idle
18:03:29      12   56.38    0.00    1.06    0.00    0.00    0.00    0.00    0.00    0.00   42.55
18:03:29      13   53.12    0.00    1.04    0.00    0.00    0.00    0.00    0.00    0.00   45.83
18:03:29      28    0.00    0.00    0.00    0.00    0.00    0.00    0.00    0.00    0.00  100.00
18:03:29      29    0.00    0.00    0.00    0.00    0.00    0.00    0.00    0.00    0.00  100.00

18:03:29     CPU    %usr   %nice    %sys %iowait    %irq   %soft  %steal  %guest  %gnice   %idle
18:03:30      12   52.08    0.00    1.04    0.00    0.00    0.00    0.00    0.00    0.00   46.88
18:03:30      13   53.61    0.00    1.03    0.00    0.00    0.00    0.00    0.00    0.00   45.36
18:03:30      28    0.00    0.00    0.00    0.00    0.00    0.00    0.00    0.00    0.00  100.00
18:03:30      29    0.00    0.00    0.00    0.00    0.00    0.00    0.00    0.00    0.00  100.00

18:03:30     CPU    %usr   %nice    %sys %iowait    %irq   %soft  %steal  %guest  %gnice   %idle
18:03:31      12   59.79    0.00   12.37    0.00    0.00    0.00    0.00    0.00    0.00   27.84
18:03:31      13   42.71    0.00    4.17    0.00    0.00    0.00    0.00    0.00    0.00   53.12
18:03:31      28    0.00    0.00    0.00    0.00    0.00    0.00    0.00    0.00    0.00  100.00
18:03:31      29    0.00    0.00    0.00    0.00    0.00    0.00    0.00    0.00    0.00  100.00

18:03:31     CPU    %usr   %nice    %sys %iowait    %irq   %soft  %steal  %guest  %gnice   %idle
18:03:32      12   70.53    0.00    7.37    0.00    0.00    0.00    0.00    0.00    0.00   22.11
18:03:32      13   68.04    0.00    6.19    0.00    0.00    0.00    0.00    0.00    0.00   25.77
18:03:32      28    0.00    0.00    0.00    0.00    0.00    0.00    0.00    0.00    0.00  100.00
18:03:32      29    0.00    0.00    0.00    0.00    0.00    0.00    0.00    0.00    0.00  100.00

18:03:32     CPU    %usr   %nice    %sys %iowait    %irq   %soft  %steal  %guest  %gnice   %idle
18:03:33      12   75.00    0.00    6.25    0.00    0.00    0.00    0.00    0.00    0.00   18.75
18:03:33      13   63.64    0.00    6.06    0.00    0.00    0.00    0.00    0.00    0.00   30.30
18:03:33      28    0.00    0.00    0.00    0.00    0.00    0.00    0.00    0.00    0.00  100.00
18:03:33      29    0.00    0.00    0.00    0.00    0.00    0.00    0.00    0.00    0.00  100.00

18:03:33     CPU    %usr   %nice    %sys %iowait    %irq   %soft  %steal  %guest  %gnice   %idle
18:03:34      12  100.00    0.00    0.00    0.00    0.00    0.00    0.00    0.00    0.00    0.00
18:03:34      13    0.00    0.00    0.00    0.00    0.00    0.00    0.00    0.00    0.00  100.00
18:03:34      28    0.00    0.00    0.00    0.00    0.00    0.00    0.00    0.00    0.00  100.00
18:03:34      29    0.00    0.00    0.00    0.00    0.00    0.00    0.00    0.00    0.00  100.00

18:03:34     CPU    %usr   %nice    %sys %iowait    %irq   %soft  %steal  %guest  %gnice   %idle
18:03:35      12   97.00    0.00    0.00    0.00    0.00    0.00    0.00    0.00    0.00    3.00
18:03:35      13    2.00    0.00    1.00    0.00    0.00    0.00    0.00    0.00    0.00   97.00
18:03:35      28    0.00    0.00    0.00    0.00    0.00    0.00    0.00    0.00    0.00  100.00
18:03:35      29    0.00    0.00    0.00    0.00    0.00    0.00    0.00    0.00    0.00  100.00

18:03:35     CPU    %usr   %nice    %sys %iowait    %irq   %soft  %steal  %guest  %gnice   %idle
18:03:36      12   64.95    0.00    0.00    0.00    0.00    0.00    0.00    0.00    0.00   35.05
18:03:36      13   38.95    0.00    0.00    0.00    0.00    0.00    0.00    0.00    0.00   61.05
18:03:36      28    0.00    0.00    0.00    0.00    0.00    0.00    0.00    0.00    0.00  100.00
18:03:36      29    0.00    0.00    0.00    0.00    0.00    0.00    0.00    0.00    0.00  100.00

18:03:36     CPU    %usr   %nice    %sys %iowait    %irq   %soft  %steal  %guest  %gnice   %idle
18:03:37      12   89.80    0.00    1.02    0.00    0.00    0.00    0.00    0.00    0.00    9.18
18:03:37      13   19.35    0.00    1.08    0.00    0.00    0.00    0.00    0.00    0.00   79.57
18:03:37      28    0.00    0.00    0.00    0.00    0.00    0.00    0.00    0.00    0.00  100.00
18:03:37      29    0.00    0.00    0.00    0.00    0.00    0.00    0.00    0.00    0.00  100.00

18:03:37     CPU    %usr   %nice    %sys %iowait    %irq   %soft  %steal  %guest  %gnice   %idle
18:03:38      12   74.23    0.00    6.19    0.00    0.00    0.00    0.00    0.00    0.00   19.59
18:03:38      13   50.00    0.00    4.17    0.00    0.00    0.00    0.00    0.00    0.00   45.83
18:03:38      28    0.00    0.00    0.00    0.00    0.00    0.00    0.00    0.00    0.00  100.00
18:03:38      29    0.00    0.00    0.00    0.00    0.00    0.00    0.00    0.00    0.00  100.00

18:03:38     CPU    %usr   %nice    %sys %iowait    %irq   %soft  %steal  %guest  %gnice   %idle
18:03:39      12   73.96    0.00    4.17    0.00    0.00    0.00    0.00    0.00    0.00   21.88
18:03:39      13   72.45    0.00    4.08    0.00    0.00    0.00    0.00    0.00    0.00   23.47
18:03:39      28    0.00    0.00    0.00    0.00    0.00    0.00    0.00    0.00    0.00  100.00
18:03:39      29    0.00    0.00    0.00    0.00    0.00    0.00    0.00    0.00    0.00  100.00

18:03:39     CPU    %usr   %nice    %sys %iowait    %irq   %soft  %steal  %guest  %gnice   %idle
18:03:40      12   72.16    0.00    4.12    0.00    0.00    0.00    0.00    0.00    0.00   23.71
18:03:40      13   64.58    0.00    5.21    0.00    0.00    0.00    0.00    0.00    0.00   30.21
18:03:40      28    0.00    0.00    0.00    0.00    0.00    0.00    0.00    0.00    0.00  100.00
18:03:40      29    0.00    0.00    0.00    0.00    0.00    0.00    0.00    0.00    0.00  100.00

18:03:40     CPU    %usr   %nice    %sys %iowait    %irq   %soft  %steal  %guest  %gnice   %idle
18:03:41      12  100.00    0.00    0.00    0.00    0.00    0.00    0.00    0.00    0.00    0.00
18:03:41      13    0.00    0.00    0.00    0.00    0.00    0.00    0.00    0.00    0.00  100.00
18:03:41      28    0.00    0.00    0.00    0.00    0.00    0.00    0.00    0.00    0.00  100.00
18:03:41      29    0.00    0.00    0.00    0.00    0.00    0.00    0.00    0.00    0.00  100.00

18:03:41     CPU    %usr   %nice    %sys %iowait    %irq   %soft  %steal  %guest  %gnice   %idle
18:03:42      12   98.02    0.00    0.00    0.00    0.00    0.00    0.00    0.00    0.00    1.98
18:03:42      13    1.01    0.00    0.00    0.00    0.00    0.00    0.00    0.00    0.00   98.99
18:03:42      28    0.00    0.00    0.00    0.00    0.00    0.00    0.00    0.00    0.00  100.00
18:03:42      29    0.00    0.00    0.00    0.00    0.00    0.00    0.00    0.00    0.00  100.00

18:03:42     CPU    %usr   %nice    %sys %iowait    %irq   %soft  %steal  %guest  %gnice   %idle
18:03:43      12   70.83    0.00    1.04    0.00    0.00    0.00    0.00    0.00    0.00   28.12
18:03:43      13   40.21    0.00    1.03    0.00    0.00    0.00    0.00    0.00    0.00   58.76
18:03:43      28    0.00    0.00    0.00    0.00    0.00    0.00    0.00    0.00    0.00  100.00
18:03:43      29    0.00    0.00    0.00    0.00    0.00    0.00    0.00    0.00    0.00  100.00

18:03:43     CPU    %usr   %nice    %sys %iowait    %irq   %soft  %steal  %guest  %gnice   %idle
18:03:44      12   84.85    0.00    1.01    0.00    0.00    0.00    0.00    0.00    0.00   14.14
18:03:44      13   26.60    0.00    0.00    0.00    0.00    0.00    0.00    0.00    0.00   73.40
18:03:44      28    0.00    0.00    0.00    0.00    0.00    0.00    0.00    0.00    0.00  100.00
18:03:44      29    0.00    0.00    0.00    0.00    0.00    0.00    0.00    0.00    0.00  100.00

18:03:44     CPU    %usr   %nice    %sys %iowait    %irq   %soft  %steal  %guest  %gnice   %idle
18:03:45      12   69.79    0.00    3.12    0.00    0.00    0.00    0.00    0.00    0.00   27.08
18:03:45      13   42.27    0.00    3.09    0.00    0.00    0.00    0.00    0.00    0.00   54.64
18:03:45      28    0.00    0.00    0.00    0.00    0.00    0.00    0.00    0.00    0.00  100.00
18:03:45      29    0.00    0.00    0.00    0.00    0.00    0.00    0.00    0.00    0.00  100.00

18:03:45     CPU    %usr   %nice    %sys %iowait    %irq   %soft  %steal  %guest  %gnice   %idle
18:03:46      12   71.88    0.00    4.17    0.00    0.00    0.00    0.00    0.00    0.00   23.96
18:03:46      13   71.72    0.00    3.03    0.00    0.00    0.00    0.00    0.00    0.00   25.25
18:03:46      28    0.00    0.00    0.00    0.00    0.00    0.00    0.00    0.00    0.00  100.00
18:03:46      29    0.00    0.00    0.00    0.00    0.00    0.00    0.00    0.00    0.00  100.00

18:03:46     CPU    %usr   %nice    %sys %iowait    %irq   %soft  %steal  %guest  %gnice   %idle
18:03:47      12   75.53    0.00    4.26    0.00    0.00    0.00    0.00    0.00    0.00   20.21
18:03:47      13   74.23    0.00    4.12    0.00    0.00    0.00    0.00    0.00    0.00   21.65
18:03:47      28    0.00    0.00    0.00    0.00    0.00    0.00    0.00    0.00    0.00  100.00
18:03:47      29    0.00    0.00    0.00    0.00    0.00    0.00    0.00    0.00    0.00  100.00

18:03:47     CPU    %usr   %nice    %sys %iowait    %irq   %soft  %steal  %guest  %gnice   %idle
18:03:48      12   72.92    0.00    5.21    0.00    0.00    0.00    0.00    0.00    0.00   21.88
18:03:48      13   72.92    0.00    5.21    0.00    0.00    0.00    0.00    0.00    0.00   21.88
18:03:48      28    0.00    0.00    0.00    0.00    0.00    0.00    0.00    0.00    0.00  100.00
18:03:48      29    0.00    0.00    0.00    0.00    0.00    0.00    0.00    0.00    0.00  100.00

18:03:48     CPU    %usr   %nice    %sys %iowait    %irq   %soft  %steal  %guest  %gnice   %idle
18:03:49      12   71.72    0.00    5.05    0.00    0.00    0.00    0.00    0.00    0.00   23.23
18:03:49      13   71.88    0.00    6.25    0.00    0.00    0.00    0.00    0.00    0.00   21.88
18:03:49      28    0.00    0.00    0.00    0.00    0.00    0.00    0.00    0.00    0.00  100.00
18:03:49      29    2.00    0.00    2.00    0.00    0.00    0.00    0.00    0.00    0.00   96.00

18:03:49     CPU    %usr   %nice    %sys %iowait    %irq   %soft  %steal  %guest  %gnice   %idle
18:03:50      12   59.38    0.00    2.08    0.00    0.00    0.00    0.00    0.00    0.00   38.54
18:03:50      13   59.57    0.00    1.06    0.00    0.00    0.00    0.00    0.00    0.00   39.36
18:03:50      28    0.00    0.00    0.00    0.00    0.00    0.00    0.00    0.00    0.00  100.00
18:03:50      29    0.00    0.00    0.00    0.00    0.00    0.00    0.00    0.00    0.00  100.00

18:03:50     CPU    %usr   %nice    %sys %iowait    %irq   %soft  %steal  %guest  %gnice   %idle
18:03:51      12   54.74    0.00    1.05    0.00    0.00    0.00    0.00    0.00    0.00   44.21
18:03:51      13   51.55    0.00    2.06    0.00    0.00    0.00    0.00    0.00    0.00   46.39
18:03:51      28    0.00    0.00    0.00    0.00    0.00    0.00    0.00    0.00    0.00  100.00
18:03:51      29    1.00    0.00    0.00    0.00    0.00    0.00    0.00    0.00    0.00   99.00

18:03:51     CPU    %usr   %nice    %sys %iowait    %irq   %soft  %steal  %guest  %gnice   %idle
18:03:52      12   85.86    0.00    5.05    0.00    0.00    0.00    0.00    0.00    0.00    9.09
18:03:52      13   30.11    0.00    3.23    0.00    0.00    0.00    0.00    0.00    0.00   66.67
18:03:52      28    0.00    0.00    0.00    0.00    0.00    0.00    0.00    0.00    0.00  100.00
18:03:52      29    0.00    0.00    0.00    0.00    0.00    0.00    0.00    0.00    0.00  100.00

18:03:52     CPU    %usr   %nice    %sys %iowait    %irq   %soft  %steal  %guest  %gnice   %idle
18:03:53      12   72.16    0.00    6.19    0.00    0.00    0.00    0.00    0.00    0.00   21.65
18:03:53      13   70.53    0.00    4.21    0.00    0.00    0.00    0.00    0.00    0.00   25.26
18:03:53      28    0.00    0.00    0.00    0.00    0.00    0.00    0.00    0.00    0.00  100.00
18:03:53      29    0.00    0.00    0.00    0.00    0.00    0.00    0.00    0.00    0.00  100.00

18:03:53     CPU    %usr   %nice    %sys %iowait    %irq   %soft  %steal  %guest  %gnice   %idle
18:03:54      12   69.00    0.00    4.00    0.00    0.00    0.00    0.00    0.00    0.00   27.00
18:03:54      13   69.79    0.00    4.17    0.00    0.00    0.00    0.00    0.00    0.00   26.04
18:03:54      28    0.00    0.00    0.00    0.00    0.00    0.00    0.00    0.00    0.00  100.00
18:03:54      29    0.00    0.00    0.00    0.00    0.00    0.00    0.00    0.00    0.00  100.00

18:03:54     CPU    %usr   %nice    %sys %iowait    %irq   %soft  %steal  %guest  %gnice   %idle
18:03:55      12   69.70    0.00   14.14    0.00    0.00    0.00    0.00    0.00    0.00   16.16
18:03:55      13   57.29    0.00    6.25    0.00    0.00    0.00    0.00    0.00    0.00   36.46
18:03:55      28    0.00    0.00    0.00    0.00    0.00    0.00    0.00    0.00    0.00  100.00
18:03:55      29    0.00    0.00    0.00    0.00    0.00    0.00    0.00    0.00    0.00  100.00

18:03:55     CPU    %usr   %nice    %sys %iowait    %irq   %soft  %steal  %guest  %gnice   %idle
18:03:56      12   76.53    0.00    4.08    0.00    0.00    0.00    0.00    0.00    0.00   19.39
18:03:56      13   73.68    0.00    4.21    0.00    0.00    0.00    0.00    0.00    0.00   22.11
18:03:56      28    0.00    0.00    0.00    0.00    0.00    0.00    0.00    0.00    0.00  100.00
18:03:56      29    0.00    0.00    0.00    0.00    0.00    0.00    0.00    0.00    0.00  100.00

18:03:56     CPU    %usr   %nice    %sys %iowait    %irq   %soft  %steal  %guest  %gnice   %idle
18:03:57      12   91.92    0.00    1.01    0.00    0.00    0.00    0.00    0.00    0.00    7.07
18:03:57      13   20.00    0.00    1.00    0.00    0.00    0.00    0.00    0.00    0.00   79.00
18:03:57      28    0.00    0.00    0.00    0.00    0.00    0.00    0.00    0.00    0.00  100.00
18:03:57      29    0.00    0.00    0.00    0.00    0.00    0.00    0.00    0.00    0.00  100.00

18:03:57     CPU    %usr   %nice    %sys %iowait    %irq   %soft  %steal  %guest  %gnice   %idle
18:03:58      12   98.99    0.00    0.00    0.00    0.00    0.00    0.00    0.00    0.00    1.01
18:03:58      13    2.00    0.00    0.00    0.00    0.00    0.00    0.00    0.00    0.00   98.00
18:03:58      28    0.00    0.00    0.00    0.00    0.00    0.00    0.00    0.00    0.00  100.00
18:03:58      29    0.00    0.00    0.00    0.00    0.00    0.00    0.00    0.00    0.00  100.00
