Linux 7.0.0-30-generic (minimax) 	09/06/26 	_x86_64_	(32 CPU)

17:59:28     CPU    %usr   %nice    %sys %iowait    %irq   %soft  %steal  %guest  %gnice   %idle
17:59:29      12    0.00    0.00    0.00    0.00    0.00    0.00    0.00    0.00    0.00  100.00
17:59:29      13    0.00    0.00    0.00    0.00    0.00    0.00    0.00    0.00    0.00  100.00
17:59:29      28    0.00    0.00    0.00    0.00    0.00    0.00    0.00    0.00    0.00  100.00
17:59:29      29    0.00    0.00    0.00    0.00    0.00    0.00    0.00    0.00    0.00  100.00

17:59:29     CPU    %usr   %nice    %sys %iowait    %irq   %soft  %steal  %guest  %gnice   %idle
17:59:30      12    0.00    0.00    0.00    0.00    0.00    0.00    0.00    0.00    0.00  100.00
17:59:30      13    0.00    0.00    0.00    0.00    0.00    0.00    0.00    0.00    0.00  100.00
17:59:30      28    0.00    0.00    0.00    0.00    0.00    0.00    0.00    0.00    0.00  100.00
17:59:30      29    0.00    0.00    0.00    0.00    0.00    0.00    0.00    0.00    0.00  100.00

17:59:30     CPU    %usr   %nice    %sys %iowait    %irq   %soft  %steal  %guest  %gnice   %idle
17:59:31      12    0.00    0.00    0.00    0.00    0.00    0.00    0.00    0.00    0.00  100.00
17:59:31      13    0.00    0.00    0.00    0.00    0.00    0.00    0.00    0.00    0.00  100.00
17:59:31      28    0.00    0.00    0.00    0.00    0.00    0.00    0.00    0.00    0.00  100.00
17:59:31      29    0.00    0.00    0.00    0.00    0.00    0.00    0.00    0.00    0.00  100.00

17:59:31     CPU    %usr   %nice    %sys %iowait    %irq   %soft  %steal  %guest  %gnice   %idle
17:59:32      12    0.00    0.00    0.00    0.00    0.00    0.00    0.00    0.00    0.00  100.00
17:59:32      13    0.00    0.00    0.00    0.00    0.00    0.00    0.00    0.00    0.00  100.00
17:59:32      28    0.00    0.00    0.00    0.00    0.00    0.00    0.00    0.00    0.00  100.00
17:59:32      29    0.00    0.00    0.00    0.00    0.00    0.00    0.00    0.00    0.00  100.00

17:59:32     CPU    %usr   %nice    %sys %iowait    %irq   %soft  %steal  %guest  %gnice   %idle
17:59:33      12    0.00    0.00    0.00    0.00    0.00    0.00    0.00    0.00    0.00  100.00
17:59:33      13    0.00    0.00    0.00    0.00    0.00    0.00    0.00    0.00    0.00  100.00
17:59:33      28    0.00    0.00    0.00    0.00    0.00    0.00    0.00    0.00    0.00  100.00
17:59:33      29    0.00    0.00    0.00    0.00    0.00    0.00    0.00    0.00    0.00  100.00

Average:     CPU    %usr   %nice    %sys %iowait    %irq   %soft  %steal  %guest  %gnice   %idle
Average:      12    0.00    0.00    0.00    0.00    0.00    0.00    0.00    0.00    0.00  100.00
Average:      13    0.00    0.00    0.00    0.00    0.00    0.00    0.00    0.00    0.00  100.00
Average:      28    0.00    0.00    0.00    0.00    0.00    0.00    0.00    0.00    0.00  100.00
Average:      29    0.00    0.00    0.00    0.00    0.00    0.00    0.00    0.00    0.00  100.00
Linux 7.0.0-30-generic (minimax) 	09/06/26 	_x86_64_	(32 CPU)

18:00:48     CPU    %usr   %nice    %sys %iowait    %irq   %soft  %steal  %guest  %gnice   %idle
18:00:49      12    0.00    0.00    0.00    0.00    0.00    0.00    0.00    0.00    0.00  100.00
18:00:49      13    0.00    0.00    0.00    0.00    0.00    0.00    0.00    0.00    0.00  100.00
18:00:49      28    0.00    0.00    0.00    0.00    0.00    0.00    0.00    0.00    0.00  100.00
18:00:49      29    0.00    0.00    0.00    0.00    0.00    0.00    0.00    0.00    0.00  100.00

18:00:49     CPU    %usr   %nice    %sys %iowait    %irq   %soft  %steal  %guest  %gnice   %idle
18:00:50      12    0.00    0.00    0.00    0.00    0.00    0.00    0.00    0.00    0.00  100.00
18:00:50      13    0.00    0.00    0.00    0.00    0.00    0.00    0.00    0.00    0.00  100.00
18:00:50      28    0.00    0.00    0.00    0.00    0.00    0.00    0.00    0.00    0.00  100.00
18:00:50      29    0.00    0.00    0.00    0.00    0.00    0.00    0.00    0.00    0.00  100.00

18:00:50     CPU    %usr   %nice    %sys %iowait    %irq   %soft  %steal  %guest  %gnice   %idle
18:00:51      12    0.00    0.00    0.00    0.00    0.00    0.00    0.00    0.00    0.00  100.00
18:00:51      13    0.00    0.00    0.00    0.00    0.00    0.00    0.00    0.00    0.00  100.00
18:00:51      28    0.00    0.00    0.00    0.00    0.00    0.00    0.00    0.00    0.00  100.00
18:00:51      29    0.00    0.00    0.00    0.00    0.00    0.00    0.00    0.00    0.00  100.00

Average:     CPU    %usr   %nice    %sys %iowait    %irq   %soft  %steal  %guest  %gnice   %idle
Average:      12    0.00    0.00    0.00    0.00    0.00    0.00    0.00    0.00    0.00  100.00
Average:      13    0.00    0.00    0.00    0.00    0.00    0.00    0.00    0.00    0.00  100.00
Average:      28    0.00    0.00    0.00    0.00    0.00    0.00    0.00    0.00    0.00  100.00
Average:      29    0.00    0.00    0.00    0.00    0.00    0.00    0.00    0.00    0.00  100.00
